time	V(vin)	V(vout)
0.000000000000000e+000	3.950775e+000	9.984814e-003
4.988676417233838e-007	4.097925e+000	9.551846e-003
9.977352834467675e-007	4.234335e+000	9.114078e-003
1.496602925170151e-006	4.360004e+000	8.671512e-003
1.995470566893535e-006	4.474934e+000	8.224147e-003
2.494338208616919e-006	4.579124e+000	7.771982e-003
2.993205850340303e-006	4.672574e+000	7.315019e-003
3.492073492063685e-006	4.755284e+000	6.853256e-003
3.492076492063673e-006	4.755285e+000	6.853254e-003
3.492080492063657e-006	4.755285e+000	6.853250e-003
3.492083492063645e-006	4.755286e+000	6.853247e-003
3.493019606345625e-006	4.755429e+000	6.852379e-003
3.493955720627605e-006	4.755572e+000	6.851512e-003
3.494891834909585e-006	4.755715e+000	6.850644e-003
3.495827949191565e-006	4.755858e+000	6.849777e-003
3.496764063473545e-006	4.756001e+000	6.848909e-003
3.497700177755525e-006	4.756144e+000	6.848042e-003
3.498636292037505e-006	4.756287e+000	6.847174e-003
3.505189892011405e-006	4.757286e+000	6.841100e-003
3.518297091958987e-006	4.759278e+000	6.828949e-003
3.544511491854153e-006	4.763238e+000	6.804640e-003
3.584015140840023e-006	4.769145e+000	6.767997e-003
3.591612166269770e-006	4.770273e+000	6.760948e-003
3.610604729843920e-006	4.773080e+000	6.743322e-003
3.618201755273666e-006	4.774199e+000	6.736269e-003
3.633395806132943e-006	4.776427e+000	6.722162e-003
3.658150994601071e-006	4.780034e+000	6.699174e-003
3.678355532529430e-006	4.782957e+000	6.680406e-003
3.699081099303074e-006	4.785936e+000	6.661149e-003
3.731435317830050e-006	4.790545e+000	6.631073e-003
3.796143754884003e-006	4.799617e+000	6.570876e-003
3.925560628992124e-006	4.817170e+000	6.450374e-003
3.999999999999880e-006	4.826908e+000	6.381006e-003
4.013996738327702e-006	4.828710e+000	6.367950e-003
4.041990214983344e-006	4.832286e+000	6.341831e-003
4.097977168294629e-006	4.839326e+000	6.289565e-003
4.209951074917199e-006	4.852962e+000	6.184916e-003
4.433898888162339e-006	4.878443e+000	5.975285e-003
4.686168683546571e-006	4.904276e+000	5.738660e-003
5.000000000000013e-006	4.932146e+000	5.443795e-003
5.097894699206997e-006	4.939867e+000	5.351611e-003
5.228420964816525e-006	4.949441e+000	5.228612e-003
5.406627720872361e-006	4.961179e+000	5.060530e-003
5.675108615690568e-006	4.975948e+000	4.807030e-003
6.034858673414087e-006	4.990230e+000	4.467046e-003
6.680126326316822e-006	4.999996e+000	3.856409e-003
6.887176563273491e-006	4.998805e+000	3.660375e-003
7.094226800230158e-006	4.995520e+000	3.464460e-003
7.301277037186826e-006	4.990143e+000	3.268666e-003
7.508327274143494e-006	4.982673e+000	3.072992e-003
7.715377511100163e-006	4.973109e+000	2.877439e-003
7.922427748056830e-006	4.961453e+000	2.682005e-003
8.129477985013497e-006	4.947703e+000	2.486691e-003
8.999999999999894e-006	4.867296e+000	1.669132e-003
1.000000000000003e-005	4.730427e+000	7.387481e-004
1.022196788731093e-005	4.693655e+000	5.337396e-004
1.044393577462184e-005	4.654671e+000	3.295525e-004
1.066590366193275e-005	4.613475e+000	1.261866e-004
1.088787154924365e-005	4.570066e+000	-7.635788e-005
1.110983943655456e-005	4.524445e+000	-2.780811e-004
1.133180732386546e-005	4.476612e+000	-4.789830e-004
1.155377521117637e-005	4.426566e+000	-6.790636e-004
1.214254464414004e-005	4.283668e+000	-1.205841e-003
1.299999999999999e-005	4.049696e+000	-1.959365e-003
1.399999999999991e-005	3.740149e+000	-2.815698e-003
1.500000000000004e-005	3.394004e+000	-3.644792e-003
1.599999999999996e-005	3.014648e+000	-4.443425e-003
1.707472318302427e-005	2.574167e+000	-5.264121e-003
1.739779932047591e-005	2.435470e+000	-5.502894e-003
1.772087545792756e-005	2.294647e+000	-5.737534e-003
1.804395159537921e-005	2.151698e+000	-5.968040e-003
1.836702773283086e-005	2.006623e+000	-6.194413e-003
1.869010387028251e-005	1.859422e+000	-6.416652e-003
1.901318000773415e-005	1.710095e+000	-6.634758e-003
1.933625614518580e-005	1.558642e+000	-6.848730e-003
2.000000000000005e-005	1.243449e+000	-7.274982e-003
2.106148683797679e-005	7.288067e-001	-7.914705e-003
2.127265765250621e-005	6.251404e-001	-8.035741e-003
2.148382846703564e-005	5.213244e-001	-8.154733e-003
2.169499928156507e-005	4.173587e-001	-8.271680e-003
2.190617009609450e-005	3.132435e-001	-8.386583e-003
2.211734091062393e-005	2.089786e-001	-8.499441e-003
2.232851172515335e-005	1.045641e-001	-8.610256e-003
2.253968253968278e-005	4.931381e-011	-8.719026e-003
2.274829931972809e-005	-1.032973e-001	-8.823875e-003
2.295691609977340e-005	-2.064505e-001	-8.926640e-003
2.316553287981870e-005	-3.094595e-001	-9.027321e-003
2.337414965986401e-005	-4.123243e-001	-9.125919e-003
2.358276643990932e-005	-5.150450e-001	-9.222432e-003
2.379138321995463e-005	-6.176215e-001	-9.316862e-003
2.399999999999993e-005	-7.200539e-001	-9.409209e-003
2.443408433637480e-005	-9.328193e-001	-9.593389e-003
2.486816867274966e-005	-1.142910e+000	-9.767837e-003
2.530225300912452e-005	-1.350327e+000	-9.932554e-003
2.573633734549938e-005	-1.555069e+000	-1.008754e-002
2.617042168187425e-005	-1.757137e+000	-1.023279e-002
2.660450601824911e-005	-1.956530e+000	-1.036832e-002
2.703859035462397e-005	-2.153249e+000	-1.049411e-002
2.733106401202579e-005	-2.283196e+000	-1.057247e-002
2.762353766942761e-005	-2.410969e+000	-1.064633e-002
2.791601132682943e-005	-2.536568e+000	-1.071566e-002
2.820848498423124e-005	-2.659994e+000	-1.078048e-002
2.850095864163306e-005	-2.781246e+000	-1.084078e-002
2.879343229903488e-005	-2.900324e+000	-1.089657e-002
2.908590595643670e-005	-3.017229e+000	-1.094784e-002
2.935934796266003e-005	-3.124188e+000	-1.099107e-002
2.963278996888336e-005	-3.228672e+000	-1.103036e-002
2.990623197510668e-005	-3.330681e+000	-1.106570e-002
3.017967398133001e-005	-3.430216e+000	-1.109710e-002
3.045311598755334e-005	-3.527276e+000	-1.112455e-002
3.072655799377667e-005	-3.621861e+000	-1.114806e-002
3.100000000000000e-005	-3.713972e+000	-1.116763e-002
3.199999999999991e-005	-4.026539e+000	-1.120397e-002
3.300000000000004e-005	-4.299707e+000	-1.118724e-002
3.399999999999996e-005	-4.530801e+000	-1.111821e-002
3.499999999999988e-005	-4.717561e+000	-1.099789e-002
3.518028125624964e-005	-4.746387e+000	-1.097061e-002
3.536056251249941e-005	-4.773682e+000	-1.094178e-002
3.554084376874917e-005	-4.799444e+000	-1.091141e-002
3.572112502499894e-005	-4.823675e+000	-1.087949e-002
3.590140628124870e-005	-4.846375e+000	-1.084603e-002
3.608168753749847e-005	-4.867542e+000	-1.081102e-002
3.626196879374824e-005	-4.887178e+000	-1.077447e-002
3.638185362171412e-005	-4.899368e+000	-1.074902e-002
3.650173844968001e-005	-4.910865e+000	-1.072296e-002
3.662162327764590e-005	-4.921668e+000	-1.069631e-002
3.674150810561179e-005	-4.931777e+000	-1.066905e-002
3.686139293357768e-005	-4.941194e+000	-1.064120e-002
3.698127776154357e-005	-4.949916e+000	-1.061274e-002
3.710116258950945e-005	-4.957946e+000	-1.058368e-002
3.723546362547524e-005	-4.966111e+000	-1.054977e-002
3.736976466144102e-005	-4.973395e+000	-1.051512e-002
3.750406569740680e-005	-4.979801e+000	-1.047973e-002
3.763836673337258e-005	-4.985326e+000	-1.044360e-002
3.777266776933836e-005	-4.989971e+000	-1.040672e-002
3.790696880530415e-005	-4.993737e+000	-1.036911e-002
3.804126984126993e-005	-4.996623e+000	-1.033076e-002
3.809784325116054e-005	-4.997573e+000	-1.031423e-002
3.815441666105115e-005	-4.998367e+000	-1.029757e-002
3.821099007094176e-005	-4.999004e+000	-1.028077e-002
3.826756348083237e-005	-4.999484e+000	-1.026384e-002
3.832413689072298e-005	-4.999808e+000	-1.024677e-002
3.838071030061359e-005	-4.999975e+000	-1.022956e-002
3.843728371050420e-005	-4.999985e+000	-1.021222e-002
3.852774292727582e-005	-4.999676e+000	-1.018403e-002
3.861820214404744e-005	-4.998966e+000	-1.015553e-002
3.870866136081906e-005	-4.997855e+000	-1.012671e-002
3.879912057759068e-005	-4.996345e+000	-1.009758e-002
3.888957979436229e-005	-4.994433e+000	-1.006812e-002
3.898003901113392e-005	-4.992122e+000	-1.003835e-002
3.907049822790554e-005	-4.989410e+000	-1.000826e-002
3.935328936109997e-005	-4.978316e+000	-9.911350e-003
3.963608049429440e-005	-4.963361e+000	-9.811239e-003
3.991887162748883e-005	-4.944546e+000	-9.707923e-003
4.020166276068327e-005	-4.921869e+000	-9.601402e-003
4.048445389387770e-005	-4.895331e+000	-9.491678e-003
4.076724502707213e-005	-4.864933e+000	-9.378749e-003
4.105003616026656e-005	-4.830673e+000	-9.262616e-003
4.134343378727227e-005	-4.791080e+000	-9.138598e-003
4.163683141427798e-005	-4.747549e+000	-9.011559e-003
4.193022904128369e-005	-4.700080e+000	-8.881500e-003
4.222362666828940e-005	-4.648673e+000	-8.748421e-003
4.251702429529511e-005	-4.593328e+000	-8.612320e-003
4.281042192230081e-005	-4.534045e+000	-8.473200e-003
4.310381954930652e-005	-4.470824e+000	-8.331059e-003
4.338299887042237e-005	-4.407136e+000	-8.192948e-003
4.366217819153822e-005	-4.340221e+000	-8.052538e-003
4.394135751265406e-005	-4.270077e+000	-7.909827e-003
4.422053683376991e-005	-4.196705e+000	-7.764815e-003
4.449971615488576e-005	-4.120106e+000	-7.617503e-003
4.477889547600160e-005	-4.040278e+000	-7.467890e-003
4.505807479711745e-005	-3.957223e+000	-7.315977e-003
4.534470789832118e-005	-3.868760e+000	-7.157536e-003
4.563134099952491e-005	-3.777375e+000	-6.997156e-003
4.591797410072864e-005	-3.683068e+000	-6.834838e-003
4.620460720193236e-005	-3.585839e+000	-6.670580e-003
4.649124030313609e-005	-3.485688e+000	-6.504383e-003
4.677787340433982e-005	-3.382616e+000	-6.336247e-003
4.706450650554354e-005	-3.276622e+000	-6.166172e-003
4.735184924405425e-005	-3.167689e+000	-5.993726e-003
4.763919198256494e-005	-3.056424e+000	-5.819845e-003
4.792653472107564e-005	-2.942828e+000	-5.644528e-003
4.821387745958634e-005	-2.826900e+000	-5.467776e-003
4.850122019809704e-005	-2.708640e+000	-5.289588e-003
4.878856293660774e-005	-2.588049e+000	-5.109964e-003
4.907590567511844e-005	-2.465126e+000	-4.928905e-003
4.999999999999991e-005	-2.057572e+000	-4.339304e-003
5.105081878654222e-005	-1.573430e+000	-3.657034e-003
5.199999999999996e-005	-1.121354e+000	-3.033129e-003
5.299999999999988e-005	-6.344575e-001	-2.371159e-003
5.400000000000001e-005	-1.413528e-001	-1.707667e-003
5.428571428571440e-005	-4.959932e-011	-1.518276e-003
5.428572428571436e-005	4.947959e-006	-1.518270e-003
5.438776367346944e-005	5.050295e-002	-1.450691e-003
5.448980306122452e-005	1.009840e-001	-1.383146e-003
5.459184244897960e-005	1.514481e-001	-1.315636e-003
5.469388183673468e-005	2.018952e-001	-1.248159e-003
5.479592122448976e-005	2.523254e-001	-1.180716e-003
5.489796061224485e-005	3.027387e-001	-1.113307e-003
5.499999999999993e-005	3.531349e-001	-1.045931e-003
5.600000000000006e-005	8.441672e-001	-3.892315e-004
5.657178027802107e-005	1.121523e+000	-1.725933e-005
5.658379995211434e-005	1.127318e+000	-9.472095e-006
5.658739524321151e-005	1.129051e+000	-7.142994e-006
5.658925454095766e-005	1.129948e+000	-5.938592e-006
5.659261044558498e-005	1.131565e+000	-3.764844e-006
5.659618345046848e-005	1.133287e+000	-1.450636e-006
5.660332946023526e-005	1.136731e+000	3.177297e-006
5.661762147976882e-005	1.143616e+000	1.243122e-005
5.664620551883593e-005	1.157380e+000	3.093311e-005
5.667788368783882e-005	1.172623e+000	5.142790e-005
5.672455430201918e-005	1.195059e+000	8.160278e-005
5.677894880625400e-005	1.221176e+000	1.167443e-004
5.683672878321433e-005	1.248880e+000	1.540370e-004
5.691096472874467e-005	1.284413e+000	2.018951e-004
5.699999999999998e-005	1.326939e+000	2.592397e-004
5.700358866847282e-005	1.328651e+000	2.615483e-004
5.701076600541830e-005	1.332075e+000	2.661651e-004
5.711124872265628e-005	1.379930e+000	3.307224e-004
5.722608611378544e-005	1.434454e+000	4.043512e-004
5.736266238177555e-005	1.499059e+000	4.917256e-004
5.751674459244095e-005	1.571614e+000	5.900452e-004
5.763983510866924e-005	1.629315e+000	6.683525e-004
5.782011540456989e-005	1.713385e+000	7.826578e-004
5.799999999999989e-005	1.796727e+000	8.964138e-004
5.805993939998126e-005	1.824372e+000	9.341643e-004
5.813985859995634e-005	1.861133e+000	9.844003e-004
5.829969699990651e-005	1.934302e+000	1.084507e-003
5.861937379980707e-005	2.079170e+000	1.283535e-003
5.900000000000003e-005	2.248934e+000	1.519185e-003
5.906393535998005e-005	2.277143e+000	1.558385e-003
5.919180607994031e-005	2.333287e+000	1.636564e-003
5.944754751986063e-005	2.444446e+000	1.792347e-003
5.950699188274735e-005	2.470062e+000	1.828398e-003
5.962588060852100e-005	2.521036e+000	1.900130e-003
5.986365806006830e-005	2.621932e+000	2.042979e-003
5.999999999999994e-005	2.679134e+000	2.124560e-003
6.012494188192201e-005	2.731125e+000	2.198755e-003
6.029153105781802e-005	2.799796e+000	2.297078e-003
6.062470940961006e-005	2.934837e+000	2.492008e-003
6.100000000000007e-005	3.083119e+000	2.709785e-003
6.119990701107525e-005	3.160381e+000	2.823859e-003
6.146644969250896e-005	3.261469e+000	2.974440e-003
6.199999999999999e-005	3.456935e+000	3.272065e-003
6.252576071177083e-005	3.640124e+000	3.556906e-003
6.274494525587993e-005	3.713681e+000	3.673985e-003
6.296412979998901e-005	3.785413e+000	3.789668e-003
6.318331434409811e-005	3.855320e+000	3.903954e-003
6.340249888820719e-005	3.923402e+000	4.016843e-003
6.362168343231629e-005	3.989659e+000	4.128336e-003
6.384086797642538e-005	4.054091e+000	4.238433e-003
6.406005252053448e-005	4.116697e+000	4.347133e-003
6.447777887247632e-005	4.230864e+000	4.550273e-003
6.489550522441815e-005	4.337384e+000	4.747637e-003
6.531323157635999e-005	4.436257e+000	4.939223e-003
6.573095792830184e-005	4.527484e+000	5.125033e-003
6.614868428024368e-005	4.611064e+000	5.305065e-003
6.656641063218551e-005	4.686997e+000	5.479321e-003
6.698413698412735e-005	4.755284e+000	5.647800e-003
6.698413998412734e-005	4.755285e+000	5.647801e-003
6.698414398412732e-005	4.755285e+000	5.647802e-003
6.698414698412731e-005	4.755286e+000	5.647804e-003
6.698461498412544e-005	4.755357e+000	5.647988e-003
6.698508298412357e-005	4.755429e+000	5.648173e-003
6.698555098412170e-005	4.755500e+000	5.648358e-003
6.698601898411983e-005	4.755572e+000	5.648542e-003
6.698648698411796e-005	4.755643e+000	5.648727e-003
6.698695498411609e-005	4.755715e+000	5.648912e-003
6.698742298411422e-005	4.755786e+000	5.649096e-003
6.699069978410117e-005	4.756287e+000	5.650389e-003
6.699725338407507e-005	4.757286e+000	5.652972e-003
6.700000000000000e-005	4.757704e+000	5.654055e-003
6.700131071999478e-005	4.757903e+000	5.654571e-003
6.700393215998434e-005	4.758302e+000	5.655604e-003
6.700917503996346e-005	4.759098e+000	5.657668e-003
6.701966079992149e-005	4.760686e+000	5.661793e-003
6.704063231983775e-005	4.763848e+000	5.670028e-003
6.708257535967006e-005	4.770110e+000	5.686467e-003
6.709668459646003e-005	4.772198e+000	5.691980e-003
6.711867895313364e-005	4.775434e+000	5.700563e-003
6.712504303504072e-005	4.776366e+000	5.703042e-003
6.712663405551754e-005	4.776598e+000	5.703662e-003
6.712981609647097e-005	4.777064e+000	5.704901e-003
6.713206973009509e-005	4.777393e+000	5.705778e-003
6.713458453147091e-005	4.777760e+000	5.706757e-003
6.713882137539999e-005	4.778378e+000	5.708405e-003
6.714312784121654e-005	4.779005e+000	5.710080e-003
6.714994706764313e-005	4.779995e+000	5.712731e-003
6.715866096885441e-005	4.781259e+000	5.716115e-003
6.717063986418515e-005	4.782989e+000	5.720763e-003
6.721112270788743e-005	4.788788e+000	5.736428e-003
6.724461053930373e-005	4.793527e+000	5.749339e-003
6.729135821678211e-005	4.800054e+000	5.767289e-003
6.735740290361356e-005	4.809100e+000	5.792501e-003
6.745501341235923e-005	4.822094e+000	5.829425e-003
6.762111960290952e-005	4.843171e+000	5.891474e-003
6.780112368966044e-005	4.864533e+000	5.957639e-003
6.799999999999992e-005	4.886341e+000	6.029726e-003
6.802327420435037e-005	4.888769e+000	6.038009e-003
6.806982261305106e-005	4.893548e+000	6.054513e-003
6.816291943045265e-005	4.902795e+000	6.087251e-003
6.831323359903201e-005	4.916847e+000	6.139278e-003
6.860200122576609e-005	4.940785e+000	6.236645e-003
6.900000000000005e-005	4.967164e+000	6.367623e-003
6.916825396825407e-005	4.976005e+000	6.420534e-003
6.933650793650810e-005	4.983462e+000	6.472361e-003
6.950476190476212e-005	4.989535e+000	6.523103e-003
6.967301587301614e-005	4.994224e+000	6.572759e-003
6.984126984127016e-005	4.997530e+000	6.621332e-003
7.000952380952418e-005	4.999452e+000	6.668819e-003
7.017777777777821e-005	4.999991e+000	6.715222e-003
7.103771740743265e-005	4.981096e+000	6.933600e-003
7.131804349208512e-005	4.967083e+000	6.998024e-003
7.159836957673758e-005	4.949291e+000	7.059203e-003
7.187869566139006e-005	4.927721e+000	7.117135e-003
7.215902174604252e-005	4.902372e+000	7.171821e-003
7.243934783069499e-005	4.873244e+000	7.223262e-003
7.271967391534746e-005	4.840338e+000	7.271456e-003
7.299999999999993e-005	4.803654e+000	7.316404e-003
7.400000000000006e-005	4.643077e+000	7.448382e-003
7.499999999999998e-005	4.437067e+000	7.537161e-003
7.599999999999990e-005	4.187640e+000	7.582607e-003
7.700000000000003e-005	3.897237e+000	7.584725e-003
7.716915482129263e-005	3.844220e+000	7.580504e-003
7.733830964258525e-005	3.790164e+000	7.575141e-003
7.750746446387786e-005	3.735070e+000	7.568633e-003
7.767661928517047e-005	3.678938e+000	7.560982e-003
7.784577410646308e-005	3.621768e+000	7.552188e-003
7.801492892775570e-005	3.563559e+000	7.542250e-003
7.818408374904830e-005	3.504313e+000	7.531169e-003
7.844350035632711e-005	3.411451e+000	7.511363e-003
7.870291696360592e-005	3.316500e+000	7.488798e-003
7.896233357088473e-005	3.219461e+000	7.463472e-003
7.922175017816356e-005	3.120333e+000	7.435387e-003
7.948116678544237e-005	3.019117e+000	7.404542e-003
7.974058339272118e-005	2.915811e+000	7.370936e-003
7.999999999999999e-005	2.810417e+000	7.334571e-003
8.099999999999991e-005	2.388094e+000	7.167840e-003
8.203003728427579e-005	1.928700e+000	6.954160e-003
8.218233471647672e-005	1.858924e+000	6.918705e-003
8.233463214867766e-005	1.788764e+000	6.882466e-003
8.248692958087859e-005	1.718221e+000	6.845444e-003
8.263922701307951e-005	1.647293e+000	6.807639e-003
8.279152444528044e-005	1.575981e+000	6.769050e-003
8.294382187748138e-005	1.504285e+000	6.729678e-003
8.309611930968231e-005	1.432205e+000	6.689521e-003
8.336810226544198e-005	1.302523e+000	6.614908e-003
8.364008522120166e-005	1.172135e+000	6.537723e-003
8.391206817696133e-005	1.041043e+000	6.457967e-003
8.418405113272099e-005	9.092455e-001	6.375639e-003
8.445603408848066e-005	7.767428e-001	6.290739e-003
8.472801704424033e-005	6.435351e-001	6.203268e-003
8.500000000000001e-005	5.096223e-001	6.113226e-003
8.603174603174623e-005	4.941247e-011	5.748271e-003
8.619793197278955e-005	-8.227795e-002	5.686040e-003
8.636411791383289e-005	-1.644791e-001	5.623000e-003
8.653030385487621e-005	-2.466033e-001	5.559150e-003
8.669648979591955e-005	-3.286508e-001	5.494490e-003
8.686267573696287e-005	-4.106214e-001	5.429021e-003
8.702886167800620e-005	-4.925151e-001	5.362742e-003
8.719504761904953e-005	-5.743321e-001	5.295653e-003
8.746421768707247e-005	-7.066425e-001	5.185002e-003
8.773338775509542e-005	-8.382216e-001	5.072354e-003
8.800255782311836e-005	-9.690695e-001	4.957710e-003
8.827172789114132e-005	-1.099186e+000	4.841069e-003
8.854089795916426e-005	-1.228571e+000	4.722431e-003
8.881006802718721e-005	-1.357225e+000	4.601796e-003
8.907923809521015e-005	-1.485148e+000	4.479165e-003
8.935363265303727e-005	-1.614466e+000	4.352028e-003
8.962802721086437e-005	-1.742358e+000	4.223196e-003
8.990242176869149e-005	-1.868826e+000	4.092670e-003
9.017681632651860e-005	-1.993869e+000	3.960450e-003
9.045121088434572e-005	-2.117486e+000	3.826535e-003
9.072560544217282e-005	-2.239679e+000	3.690926e-003
9.099999999999994e-005	-2.360446e+000	3.553622e-003
9.129620200357937e-005	-2.488883e+000	3.403278e-003
9.159240400715880e-005	-2.614916e+000	3.251390e-003
9.188860601073823e-005	-2.738543e+000	3.097959e-003
9.218480801431764e-005	-2.859766e+000	2.942985e-003
9.248101001789707e-005	-2.978584e+000	2.786469e-003
9.277721202147650e-005	-3.094997e+000	2.628409e-003
9.307341402505593e-005	-3.209006e+000	2.468806e-003
9.399999999999990e-005	-3.546624e+000	1.961393e-003
9.500000000000003e-005	-3.877479e+000	1.401460e-003
9.523859519713774e-005	-3.951031e+000	1.266147e-003
9.547719039427543e-005	-4.022282e+000	1.130407e-003
9.571578559141313e-005	-4.091231e+000	9.942396e-004
9.595438078855083e-005	-4.157879e+000	8.576450e-004
9.619297598568854e-005	-4.222226e+000	7.206232e-004
9.643157118282623e-005	-4.284271e+000	5.831741e-004
9.667016637996393e-005	-4.344015e+000	4.452978e-004
9.715935087839631e-005	-4.458732e+000	1.620003e-004
9.800000000000000e-005	-4.631329e+000	-3.269371e-004
9.899999999999991e-005	-4.794842e+000	-9.097898e-004
1.000000000000001e-004	-4.911436e+000	-1.491256e-003
1.010302616804273e-004	-4.981288e+000	-2.085865e-003
1.019142857142860e-004	-4.999998e+000	-2.590177e-003
1.030914154833166e-004	-4.965564e+000	-3.249722e-003
1.033698221623194e-004	-4.947488e+000	-3.403373e-003
1.036482288413222e-004	-4.925707e+000	-3.555856e-003
1.039266355203249e-004	-4.900221e+000	-3.707172e-003
1.042050421993277e-004	-4.871030e+000	-3.857319e-003
1.044834488783305e-004	-4.838134e+000	-4.006298e-003
1.047618555573332e-004	-4.801532e+000	-4.154110e-003
1.050402622363360e-004	-4.761226e+000	-4.300753e-003
1.051997929352057e-004	-4.736514e+000	-4.383963e-003
1.053593236340754e-004	-4.710639e+000	-4.466716e-003
1.055188543329451e-004	-4.683600e+000	-4.549009e-003
1.056783850318149e-004	-4.655398e+000	-4.630845e-003
1.058379157306846e-004	-4.626033e+000	-4.712223e-003
1.059974464295543e-004	-4.595504e+000	-4.793142e-003
1.061569771284240e-004	-4.563812e+000	-4.873604e-003
1.064431302368288e-004	-4.504017e+000	-5.016492e-003
1.067292833452335e-004	-4.440745e+000	-5.157519e-003
1.070154364536383e-004	-4.373996e+000	-5.296687e-003
1.073015895620430e-004	-4.303769e+000	-5.433994e-003
1.075877426704478e-004	-4.230065e+000	-5.569440e-003
1.078738957788525e-004	-4.152884e+000	-5.703026e-003
1.081600488872573e-004	-4.072225e+000	-5.834752e-003
1.090579980292719e-004	-3.798692e+000	-6.234008e-003
1.094782840250902e-004	-3.659559e+000	-6.413594e-003
1.098985700209085e-004	-3.514752e+000	-6.587944e-003
1.103188560167268e-004	-3.364270e+000	-6.757060e-003
1.107391420125451e-004	-3.208115e+000	-6.920940e-003
1.111594280083633e-004	-3.046286e+000	-7.079585e-003
1.115797140041816e-004	-2.878783e+000	-7.232995e-003
1.119999999999999e-004	-2.705606e+000	-7.381169e-003
1.122921285789416e-004	-2.582672e+000	-7.480233e-003
1.125842571578834e-004	-2.457844e+000	-7.576466e-003
1.128763857368251e-004	-2.331124e+000	-7.669866e-003
1.131685143157669e-004	-2.202510e+000	-7.760435e-003
1.134606428947086e-004	-2.072003e+000	-7.848172e-003
1.137527714736504e-004	-1.939602e+000	-7.933077e-003
1.140449000525921e-004	-1.805309e+000	-8.015150e-003
1.150000000000001e-004	-1.357202e+000	-8.261142e-003
1.152003292101753e-004	-1.261430e+000	-8.308425e-003
1.154006584203505e-004	-1.165262e+000	-8.354182e-003
1.156009876305257e-004	-1.068698e+000	-8.398412e-003
1.158013168407009e-004	-9.717384e-001	-8.441115e-003
1.160016460508761e-004	-8.743832e-001	-8.482292e-003
1.162019752610513e-004	-7.766323e-001	-8.521942e-003
1.164023044712265e-004	-6.784857e-001	-8.560065e-003
1.169999999999999e-004	-3.844652e-001	-8.666297e-003
1.177777777777781e-004	-4.943938e-011	-8.782370e-003
1.177777877777780e-004	4.947959e-006	-8.782371e-003
1.180000000000001e-004	1.099469e-001	-8.811217e-003
1.190000000000000e-004	6.032832e-001	-8.916825e-003
1.200200976968408e-004	1.100419e+000	-8.983306e-003
1.200703419389432e-004	1.124657e+000	-8.985507e-003
1.200759748745015e-004	1.127372e+000	-8.985748e-003
1.200780581382063e-004	1.128376e+000	-8.985836e-003
1.200789603571877e-004	1.128811e+000	-8.985875e-003
1.200797938130040e-004	1.129213e+000	-8.985910e-003
1.200807336845815e-004	1.129666e+000	-8.985950e-003
1.200863729140470e-004	1.132384e+000	-8.986188e-003
1.200938918866675e-004	1.136007e+000	-8.986502e-003
1.201089298319088e-004	1.143252e+000	-8.987122e-003
1.201390057223911e-004	1.157735e+000	-8.988339e-003
1.201672522992651e-004	1.171327e+000	-8.989448e-003
1.202121968675110e-004	1.192935e+000	-8.991143e-003
1.202628613276805e-004	1.217265e+000	-8.992962e-003
1.203172281930409e-004	1.243338e+000	-8.994795e-003
1.203838978284381e-004	1.275263e+000	-8.996868e-003
1.204728126664191e-004	1.317753e+000	-8.999365e-003
1.205597430179073e-004	1.359196e+000	-9.001442e-003
1.207336037208837e-004	1.441778e+000	-9.004708e-003
1.208884010866222e-004	1.514946e+000	-9.006792e-003
1.210000000000000e-004	1.567477e+000	-9.007798e-003
1.210172404262841e-004	1.575575e+000	-9.007871e-003
1.210517212788520e-004	1.591758e+000	-9.007982e-003
1.212586063942603e-004	1.688458e+000	-9.007723e-003
1.213620489519643e-004	1.736546e+000	-9.006898e-003
1.215344532148044e-004	1.816285e+000	-9.004721e-003
1.216034149199405e-004	1.848033e+000	-9.003412e-003
1.217413383302127e-004	1.911271e+000	-9.000110e-003
1.219999999999999e-004	2.028899e+000	-8.992701e-003
1.220827540461631e-004	2.066254e+000	-8.989567e-003
1.221930927743809e-004	2.115846e+000	-8.984877e-003
1.224137702308162e-004	2.214267e+000	-8.973652e-003
1.228551251436869e-004	2.407893e+000	-8.947121e-003
1.230000000000001e-004	2.470468e+000	-8.937235e-003
1.230882709825742e-004	2.508346e+000	-8.930145e-003
1.232648129477225e-004	2.583525e+000	-8.915025e-003
1.236178968780190e-004	2.731495e+000	-8.881355e-003
1.240000000000000e-004	2.887864e+000	-8.841434e-003
1.241316562937509e-004	2.940796e+000	-8.825675e-003
1.243071980187522e-004	3.010595e+000	-8.803388e-003
1.246582814687547e-004	3.147447e+000	-8.755494e-003
1.249999999999999e-004	3.277001e+000	-8.705948e-003
1.252106500700015e-004	3.355006e+000	-8.671910e-003
1.254915168300034e-004	3.456739e+000	-8.623889e-003
1.260000000000000e-004	3.634072e+000	-8.531176e-003
1.261509485226860e-004	3.684983e+000	-8.501320e-003
1.263018970453719e-004	3.735048e+000	-8.470626e-003
1.264528455680578e-004	3.784265e+000	-8.439094e-003
1.266037940907438e-004	3.832635e+000	-8.406724e-003
1.267547426134297e-004	3.880158e+000	-8.373515e-003
1.269056911361156e-004	3.926835e+000	-8.339468e-003
1.270566396588016e-004	3.972664e+000	-8.304583e-003
1.274839225714898e-004	4.097933e+000	-8.200649e-003
1.279112054841780e-004	4.215390e+000	-8.090241e-003
1.283384883968662e-004	4.325036e+000	-7.973362e-003
1.287657713095544e-004	4.426869e+000	-7.850009e-003
1.291930542222426e-004	4.520890e+000	-7.720183e-003
1.296203371349308e-004	4.607100e+000	-7.583885e-003
1.300476200476190e-004	4.685497e+000	-7.441114e-003
1.304762004761908e-004	4.755284e+000	-7.291828e-003
1.304762034761908e-004	4.755285e+000	-7.291827e-003
1.304762074761908e-004	4.755285e+000	-7.291825e-003
1.304762104761908e-004	4.755286e+000	-7.291825e-003
1.304771465904727e-004	4.755429e+000	-7.291492e-003
1.304780827047547e-004	4.755572e+000	-7.291159e-003
1.304790188190367e-004	4.755715e+000	-7.290826e-003
1.304799549333187e-004	4.755858e+000	-7.290493e-003
1.304808910476007e-004	4.756001e+000	-7.290160e-003
1.304818271618826e-004	4.756144e+000	-7.289827e-003
1.304827632761646e-004	4.756287e+000	-7.289494e-003
1.304876527272883e-004	4.757032e+000	-7.287754e-003
1.304937527052683e-004	4.757961e+000	-7.285582e-003
1.305018201922437e-004	4.759186e+000	-7.282708e-003
1.305125148052732e-004	4.760806e+000	-7.278894e-003
1.305276800158180e-004	4.763093e+000	-7.273479e-003
1.305486691660727e-004	4.766243e+000	-7.265971e-003
1.305777558161785e-004	4.770572e+000	-7.255543e-003
1.306117302458079e-004	4.775578e+000	-7.243339e-003
1.306144652040903e-004	4.775979e+000	-7.242355e-003
1.306199351206554e-004	4.776780e+000	-7.240384e-003
1.306222190293577e-004	4.777113e+000	-7.239562e-003
1.306247420299347e-004	4.777482e+000	-7.238652e-003
1.306259734340412e-004	4.777661e+000	-7.238208e-003
1.306275773657951e-004	4.777895e+000	-7.237630e-003
1.306301464358366e-004	4.778270e+000	-7.236704e-003
1.306327571259922e-004	4.778650e+000	-7.235762e-003
1.306372795614333e-004	4.779308e+000	-7.234131e-003
1.306430668323970e-004	4.780149e+000	-7.232041e-003
1.306516688040918e-004	4.781395e+000	-7.228934e-003
1.306646888298991e-004	4.783275e+000	-7.224225e-003
1.307119866001459e-004	4.790039e+000	-7.207071e-003
1.307542876818641e-004	4.795998e+000	-7.191662e-003
1.308183848694993e-004	4.804868e+000	-7.168200e-003
1.308980987653077e-004	4.815630e+000	-7.138835e-003
1.310000000000000e-004	4.828951e+000	-7.101094e-003
1.310143843045941e-004	4.830791e+000	-7.095724e-003
1.310431529137823e-004	4.834444e+000	-7.084965e-003
1.311006901321586e-004	4.841631e+000	-7.063353e-003
1.312100423175007e-004	4.854857e+000	-7.021914e-003
1.314287466881851e-004	4.879603e+000	-6.937923e-003
1.316852986403361e-004	4.905716e+000	-6.837583e-003
1.320000000000000e-004	4.933430e+000	-6.712560e-003
1.320976008313010e-004	4.941054e+000	-6.672891e-003
1.322277352730360e-004	4.950502e+000	-6.619546e-003
1.324054653255888e-004	4.962079e+000	-6.545836e-003
1.326723104420698e-004	4.976578e+000	-6.433381e-003
1.330347426384672e-004	4.990711e+000	-6.278303e-003
1.336648401732449e-004	4.999995e+000	-5.998706e-003
1.338595320578693e-004	4.998929e+000	-5.909969e-003
1.340542239424937e-004	4.996012e+000	-5.820264e-003
1.342489158271181e-004	4.991244e+000	-5.729593e-003
1.344436077117425e-004	4.984624e+000	-5.637955e-003
1.346382995963669e-004	4.976153e+000	-5.545350e-003
1.348329914809912e-004	4.965830e+000	-5.451777e-003
1.350276833656156e-004	4.953657e+000	-5.357238e-003
1.360480193810319e-004	4.859963e+000	-4.846631e-003
1.370000000000000e-004	4.727877e+000	-4.349100e-003
1.379999999999999e-004	4.543998e+000	-3.806603e-003
1.382344695816905e-004	4.494290e+000	-3.676580e-003
1.384689391633811e-004	4.442240e+000	-3.545673e-003
1.387034087450717e-004	4.387846e+000	-3.413882e-003
1.389378783267624e-004	4.331109e+000	-3.281207e-003
1.391723479084530e-004	4.272029e+000	-3.147647e-003
1.394068174901436e-004	4.210607e+000	-3.013204e-003
1.396412870718342e-004	4.146842e+000	-2.877876e-003
1.399999999999999e-004	4.045085e+000	-2.669906e-003
1.410000000000001e-004	3.734932e+000	-2.080589e-003
1.410594053866249e-004	3.715325e+000	-2.045190e-003
1.420000000000000e-004	3.388232e+000	-1.480629e-003
1.429999999999999e-004	3.008378e+000	-8.725837e-004
1.440000000000000e-004	2.599087e+000	-2.590344e-004
1.441781972111229e-004	2.523294e+000	-1.492647e-004
1.443563944222458e-004	2.446779e+000	-3.946107e-005
1.445345916333687e-004	2.369543e+000	7.037643e-005
1.447127888444916e-004	2.291586e+000	1.802478e-004
1.448909860556144e-004	2.212907e+000	2.901531e-004
1.450691832667373e-004	2.133506e+000	4.000924e-004
1.452473804778602e-004	2.053384e+000	5.100655e-004
1.455087769459405e-004	1.934581e+000	6.714355e-004
1.457701734140208e-004	1.814686e+000	8.326270e-004
1.460315698821010e-004	1.693698e+000	9.936401e-004
1.462929663501813e-004	1.571616e+000	1.154475e-003
1.465543628182616e-004	1.448441e+000	1.315131e-003
1.468157592863419e-004	1.324174e+000	1.475608e-003
1.470771557544222e-004	1.198813e+000	1.635907e-003
1.473593307827020e-004	1.062543e+000	1.808518e-003
1.476415058109818e-004	9.257137e-001	1.980544e-003
1.479236808392617e-004	7.883252e-001	2.151986e-003
1.482058558675415e-004	6.503774e-001	2.322843e-003
1.484880308958213e-004	5.118704e-001	2.493116e-003
1.487702059241012e-004	3.728042e-001	2.662805e-003
1.490523809523810e-004	2.331786e-001	2.831909e-003
1.495238095238099e-004	4.938678e-011	3.112348e-003
1.496636734693881e-004	-6.923526e-002	3.195130e-003
1.498035374149663e-004	-1.384243e-001	3.277638e-003
1.499434013605445e-004	-2.075671e-001	3.359872e-003
1.500832653061228e-004	-2.766637e-001	3.441832e-003
1.502231292517010e-004	-3.457140e-001	3.523519e-003
1.503629931972792e-004	-4.147182e-001	3.604931e-003
1.505028571428574e-004	-4.836760e-001	3.686070e-003
1.510536380952381e-004	-7.540722e-001	4.003955e-003
1.513411254617589e-004	-8.946481e-001	4.167915e-003
1.516286128282798e-004	-1.034220e+000	4.330499e-003
1.519161001948007e-004	-1.172789e+000	4.491709e-003
1.522035875613216e-004	-1.310354e+000	4.651543e-003
1.524910749278425e-004	-1.446916e+000	4.810002e-003
1.527785622943633e-004	-1.582474e+000	4.967086e-003
1.530660496608842e-004	-1.717028e+000	5.122795e-003
1.533677136615173e-004	-1.856723e+000	5.284304e-003
1.536693776621503e-004	-1.994463e+000	5.443867e-003
1.539710416627834e-004	-2.130250e+000	5.601484e-003
1.542727056634164e-004	-2.264082e+000	5.757155e-003
1.545743696640494e-004	-2.395960e+000	5.910880e-003
1.548760336646825e-004	-2.525884e+000	6.062660e-003
1.551776976653155e-004	-2.653854e+000	6.212493e-003
1.559999999999999e-004	-2.989525e+000	6.609601e-003
1.562857142857142e-004	-3.101854e+000	6.743489e-003
1.565714285714285e-004	-3.211488e+000	6.875235e-003
1.568571428571428e-004	-3.318426e+000	7.004839e-003
1.571428571428571e-004	-3.422669e+000	7.132301e-003
1.574285714285714e-004	-3.524217e+000	7.257621e-003
1.577142857142856e-004	-3.623069e+000	7.380798e-003
1.579999999999999e-004	-3.719226e+000	7.501834e-003
1.590000000000001e-004	-4.031191e+000	7.905848e-003
1.600000000000000e-004	-4.303710e+000	8.279741e-003
1.609999999999999e-004	-4.534117e+000	8.622122e-003
1.620000000000000e-004	-4.720157e+000	8.931756e-003
1.621619387475924e-004	-4.745994e+000	8.978527e-003
1.623238774951847e-004	-4.770598e+000	9.024465e-003
1.624858162427770e-004	-4.793968e+000	9.069570e-003
1.626477549903693e-004	-4.816105e+000	9.113841e-003
1.628096937379616e-004	-4.837008e+000	9.157279e-003
1.629716324855540e-004	-4.856678e+000	9.199884e-003
1.631335712331463e-004	-4.875115e+000	9.241655e-003
1.634058728483658e-004	-4.903302e+000	9.309441e-003
1.636781744635852e-004	-4.927891e+000	9.374622e-003
1.639504760788047e-004	-4.948883e+000	9.437201e-003
1.642227776940242e-004	-4.966278e+000	9.497175e-003
1.644950793092437e-004	-4.980075e+000	9.554546e-003
1.647673809244631e-004	-4.990275e+000	9.609314e-003
1.650396825396826e-004	-4.996878e+000	9.661478e-003
1.654098961558863e-004	-4.999996e+000	9.727910e-003
1.655123393626465e-004	-4.999673e+000	9.745345e-003
1.656147825694066e-004	-4.998836e+000	9.762414e-003
1.657172257761668e-004	-4.997487e+000	9.779115e-003
1.658196689829270e-004	-4.995623e+000	9.795450e-003
1.659221121896871e-004	-4.993247e+000	9.811418e-003
1.660245553964473e-004	-4.990356e+000	9.827020e-003
1.661269986032075e-004	-4.986953e+000	9.842254e-003
1.670265086262286e-004	-4.935118e+000	9.959212e-003
1.680525781170156e-004	-4.828314e+000	1.005599e-002
1.683490175393436e-004	-4.788030e+000	1.007657e-002
1.686454569616717e-004	-4.743730e+000	1.009394e-002
1.689418963839997e-004	-4.695415e+000	1.010810e-002
1.692383358063278e-004	-4.643083e+000	1.011904e-002
1.695347752286558e-004	-4.586735e+000	1.012678e-002
1.698312146509839e-004	-4.526372e+000	1.013131e-002
1.701276540733120e-004	-4.461992e+000	1.013263e-002
1.704527254100117e-004	-4.386889e+000	1.013016e-002
1.707777967467114e-004	-4.307466e+000	1.012385e-002
1.711028680834111e-004	-4.223723e+000	1.011369e-002
1.714279394201108e-004	-4.135661e+000	1.009969e-002
1.717530107568105e-004	-4.043279e+000	1.008183e-002
1.720780820935102e-004	-3.946577e+000	1.006013e-002
1.724031534302100e-004	-3.845555e+000	1.003459e-002
1.726312743687514e-004	-3.772349e+000	1.001454e-002
1.728593953072928e-004	-3.697317e+000	9.992682e-003
1.730875162458342e-004	-3.620459e+000	9.969001e-003
1.733156371843756e-004	-3.541774e+000	9.943501e-003
1.735437581229171e-004	-3.461262e+000	9.916183e-003
1.737718790614585e-004	-3.378924e+000	9.887046e-003
1.739999999999999e-004	-3.294760e+000	9.856091e-003
1.742965771992205e-004	-3.182723e+000	9.812745e-003
1.745931543984411e-004	-3.068196e+000	9.766524e-003
1.748897315976617e-004	-2.951181e+000	9.717426e-003
1.751863087968823e-004	-2.831677e+000	9.665453e-003
1.754828859961029e-004	-2.709684e+000	9.610604e-003
1.757794631953235e-004	-2.585203e+000	9.552878e-003
1.760760403945441e-004	-2.458232e+000	9.492277e-003
1.763581920328506e-004	-2.335473e+000	9.431640e-003
1.766403436711571e-004	-2.211139e+000	9.368585e-003
1.769224953094637e-004	-2.085230e+000	9.303113e-003
1.772046469477702e-004	-1.957745e+000	9.235224e-003
1.774867985860767e-004	-1.828685e+000	9.164917e-003
1.777689502243832e-004	-1.698050e+000	9.092194e-003
1.780511018626898e-004	-1.565840e+000	9.017053e-003
1.789999999999999e-004	-1.113698e+000	8.746905e-003
1.800000000000000e-004	-6.266662e-001	8.434503e-003
1.810000000000000e-004	-1.335018e-001	8.095386e-003
1.812698412698415e-004	-4.953044e-011	7.999516e-003
1.812698512698415e-004	4.947959e-006	7.999513e-003
1.813741582312927e-004	5.162611e-002	7.961902e-003
1.814784651927439e-004	1.032290e-001	7.924053e-003
1.815827721541952e-004	1.548135e-001	7.885968e-003
1.816870791156464e-004	2.063798e-001	7.847645e-003
1.817913860770976e-004	2.579278e-001	7.809086e-003
1.818956930385489e-004	3.094575e-001	7.770290e-003
1.820000000000001e-004	3.609689e-001	7.731257e-003
1.821664860714566e-004	4.431260e-001	7.668099e-003
1.823329721429132e-004	5.251101e-001	7.604387e-003
1.824994582143697e-004	6.069210e-001	7.540123e-003
1.826659442858262e-004	6.885590e-001	7.475306e-003
1.828324303572828e-004	7.700238e-001	7.409935e-003
1.829989164287393e-004	8.513156e-001	7.344011e-003
1.831654025001958e-004	9.324343e-001	7.277535e-003
1.835594753680676e-004	1.123244e+000	7.117638e-003
1.835678714462591e-004	1.127292e+000	7.114194e-003
1.835697629018851e-004	1.128203e+000	7.113419e-003
1.835708604292937e-004	1.128732e+000	7.112968e-003
1.835714476831148e-004	1.129016e+000	7.112728e-003
1.835720411075788e-004	1.129302e+000	7.112484e-003
1.835732279565070e-004	1.129874e+000	7.111997e-003
1.835756016543633e-004	1.131018e+000	7.111023e-003
1.835803490500760e-004	1.133306e+000	7.109074e-003
1.835898438415013e-004	1.137881e+000	7.105175e-003
1.836088334243519e-004	1.147029e+000	7.097370e-003
1.836468125900530e-004	1.165311e+000	7.081741e-003
1.836867306327674e-004	1.184510e+000	7.065285e-003
1.837240701445409e-004	1.202451e+000	7.049865e-003
1.838151261267121e-004	1.246134e+000	7.012124e-003
1.839167075834856e-004	1.294747e+000	6.969832e-003
1.839999999999999e-004	1.334510e+000	6.935059e-003
1.840128776222215e-004	1.340650e+000	6.929661e-003
1.840386328666648e-004	1.352922e+000	6.918856e-003
1.840901433555510e-004	1.377441e+000	6.897200e-003
1.841931643333237e-004	1.426371e+000	6.853736e-003
1.843230215247008e-004	1.487835e+000	6.798679e-003
1.844765202929479e-004	1.560171e+000	6.733230e-003
1.846034635303270e-004	1.619722e+000	6.678755e-003
1.847875798646876e-004	1.705637e+000	6.599211e-003
1.849641474143053e-004	1.787498e+000	6.522514e-003
1.850353135099236e-004	1.820339e+000	6.491410e-003
1.851059405297707e-004	1.852843e+000	6.460408e-003
1.852471945694649e-004	1.917576e+000	6.398095e-003
1.855297026488530e-004	2.045906e+000	6.272350e-003
1.860000000000000e-004	2.255945e+000	6.061315e-003
1.860565016158775e-004	2.280860e+000	6.035622e-003
1.861695048476328e-004	2.330473e+000	5.984094e-003
1.863955113111434e-004	2.428821e+000	5.880360e-003
1.868475242381646e-004	2.621822e+000	5.671372e-003
1.869999999999999e-004	2.685762e+000	5.600433e-003
1.870904025854040e-004	2.723384e+000	5.558000e-003
1.872712077562126e-004	2.797972e+000	5.472828e-003
1.876328180978296e-004	2.944436e+000	5.301414e-003
1.880409430806368e-004	3.105202e+000	5.106692e-003
1.882866015644577e-004	3.199545e+000	4.988239e-003
1.886141462095524e-004	3.322385e+000	4.829349e-003
1.890655089290189e-004	3.485915e+000	4.609220e-003
1.897985583057065e-004	3.736546e+000	4.247499e-003
1.900679991605149e-004	3.823795e+000	4.113689e-003
1.904344949688753e-004	3.938432e+000	3.930517e-003
1.908009907772358e-004	4.047551e+000	3.746878e-003
1.911674865855962e-004	4.151151e+000	3.562771e-003
1.915339823939567e-004	4.249232e+000	3.378197e-003
1.919004782023172e-004	4.341793e+000	3.193155e-003
1.922669740106776e-004	4.428836e+000	3.007647e-003
1.926334698190381e-004	4.510360e+000	2.821671e-003
1.931507760941614e-004	4.614873e+000	2.559428e-003
1.939682639682543e-004	4.755284e+000	2.145373e-003
1.939682669682542e-004	4.755285e+000	2.145372e-003
1.939682709682542e-004	4.755285e+000	2.145370e-003
1.939682739682542e-004	4.755286e+000	2.145368e-003
1.939692100825362e-004	4.755429e+000	2.144894e-003
1.939701461968182e-004	4.755572e+000	2.144421e-003
1.939710823111002e-004	4.755715e+000	2.143948e-003
1.939720184253821e-004	4.755858e+000	2.143474e-003
1.939729545396641e-004	4.756001e+000	2.143001e-003
1.939738906539461e-004	4.756144e+000	2.142527e-003
1.939748267682281e-004	4.756287e+000	2.142054e-003
1.939813803682020e-004	4.757286e+000	2.138739e-003
1.939944875681496e-004	4.759278e+000	2.132110e-003
1.940000000000000e-004	4.760113e+000	2.129322e-003
1.940078643199686e-004	4.761302e+000	2.125344e-003
1.940183500799267e-004	4.762884e+000	2.120042e-003
1.940393215998429e-004	4.766031e+000	2.109437e-003
1.940812646396752e-004	4.772264e+000	2.088231e-003
1.940909130839458e-004	4.773686e+000	2.083353e-003
1.940937272135247e-004	4.774100e+000	2.081930e-003
1.940965413431036e-004	4.774514e+000	2.080508e-003
1.940993554726825e-004	4.774927e+000	2.079085e-003
1.941021696022614e-004	4.775340e+000	2.077663e-003
1.941049837318404e-004	4.775753e+000	2.076240e-003
1.941077978614193e-004	4.776165e+000	2.074818e-003
1.941106119909982e-004	4.776577e+000	2.073395e-003
1.941122200650432e-004	4.776812e+000	2.072582e-003
1.941149515353800e-004	4.777211e+000	2.071202e-003
1.941174373629670e-004	4.777574e+000	2.069945e-003
1.941197223411806e-004	4.777907e+000	2.068790e-003
1.941242922976079e-004	4.778573e+000	2.066480e-003
1.941285307749375e-004	4.779190e+000	2.064338e-003
1.941354620501920e-004	4.780197e+000	2.060835e-003
1.941444295348585e-004	4.781496e+000	2.056303e-003
1.941564676017275e-004	4.783234e+000	2.050220e-003
1.941978848088507e-004	4.789163e+000	2.029292e-003
1.942322015283274e-004	4.794014e+000	2.011957e-003
1.942801866856184e-004	4.800704e+000	1.987722e-003
1.943478819114530e-004	4.809959e+000	1.953546e-003
1.944492527283877e-004	4.823414e+000	1.902402e-003
1.946225961204544e-004	4.845297e+000	1.815024e-003
1.948029501256017e-004	4.866550e+000	1.724224e-003
1.950000000000001e-004	4.888000e+000	1.625128e-003
1.950238817399288e-004	4.890473e+000	1.613136e-003
1.950716452197862e-004	4.895338e+000	1.589160e-003
1.951671721795013e-004	4.904739e+000	1.541244e-003
1.953218843124998e-004	4.919036e+000	1.463758e-003
1.956090148028968e-004	4.942511e+000	1.320324e-003
1.960000000000000e-004	4.968057e+000	1.125486e-003
1.961448979591837e-004	4.975639e+000	1.053612e-003
1.962897959183673e-004	4.982196e+000	9.818887e-004
1.964346938775510e-004	4.987728e+000	9.103164e-004
1.965795918367347e-004	4.992233e+000	8.388950e-004
1.967244897959184e-004	4.995713e+000	7.676244e-004
1.968693877551020e-004	4.998167e+000	6.965046e-004
1.970142857142857e-004	4.999595e+000	6.255357e-004
1.970579591836735e-004	4.999824e+000	6.041924e-004
1.971016326530613e-004	4.999958e+000	5.828694e-004
1.971453061224491e-004	5.000000e+000	5.615666e-004
1.971889795918370e-004	4.999948e+000	5.402841e-004
1.972326530612248e-004	4.999803e+000	5.190217e-004
1.972763265306126e-004	4.999564e+000	4.977796e-004
1.973200000000004e-004	4.999232e+000	4.765577e-004
1.975697154026164e-004	4.995524e+000	3.554430e-004
1.978194308052325e-004	4.988781e+000	2.350144e-004
1.980691462078486e-004	4.979003e+000	1.152719e-004
1.983188616104646e-004	4.966189e+000	-3.784346e-006
1.985685770130807e-004	4.950340e+000	-1.221545e-004
1.988182924156967e-004	4.931456e+000	-2.398385e-004
1.990680078183128e-004	4.909536e+000	-3.568363e-004
2.000000000000001e-004	4.801468e+000	-7.857510e-004
2.002857142857143e-004	4.760010e+000	-9.147754e-004
2.005714285714286e-004	4.714846e+000	-1.042484e-003
2.008571428571429e-004	4.665977e+000	-1.168876e-003
2.011428571428572e-004	4.613402e+000	-1.293953e-003
2.014285714285714e-004	4.557121e+000	-1.417714e-003
2.017142857142857e-004	4.497134e+000	-1.540158e-003
2.019999999999999e-004	4.433441e+000	-1.661287e-003
2.030000000000001e-004	4.183344e+000	-2.072674e-003
2.040000000000000e-004	3.892312e+000	-2.464281e-003
2.049999999999999e-004	3.563193e+000	-2.834599e-003
2.052959616290565e-004	3.458706e+000	-2.939829e-003
2.055919232581130e-004	3.351490e+000	-3.043004e-003
2.058878848871696e-004	3.241544e+000	-3.144122e-003
2.061838465162262e-004	3.128868e+000	-3.243184e-003
2.064798081452827e-004	3.013462e+000	-3.340190e-003
2.067757697743393e-004	2.895326e+000	-3.435139e-003
2.070717314033958e-004	2.774461e+000	-3.528033e-003
2.080000000000001e-004	2.381191e+000	-3.804381e-003
2.090265802457965e-004	1.923031e+000	-4.083565e-003
2.093168502460090e-004	1.789398e+000	-4.157227e-003
2.096071202462215e-004	1.654569e+000	-4.228602e-003
2.098973902464340e-004	1.518543e+000	-4.297692e-003
2.101876602466464e-004	1.381321e+000	-4.364494e-003
2.104779302468589e-004	1.242904e+000	-4.429010e-003
2.107682002470714e-004	1.103289e+000	-4.491240e-003
2.110584702472839e-004	9.624791e-001	-4.551183e-003
2.113380992142253e-004	8.260430e-001	-4.606345e-003
2.116177281811666e-004	6.892532e-001	-4.659281e-003
2.118973571481079e-004	5.521098e-001	-4.709991e-003
2.121769861150493e-004	4.146128e-001	-4.758476e-003
2.124566150819907e-004	2.767621e-001	-4.804735e-003
2.127362440489320e-004	1.385579e-001	-4.848768e-003
2.130158730158733e-004	4.934384e-011	-4.890575e-003
2.131843265306128e-004	-8.340140e-002	-4.914390e-003
2.133527800453522e-004	-1.667230e-001	-4.937414e-003
2.135212335600917e-004	-2.499647e-001	-4.959647e-003
2.136896870748311e-004	-3.331266e-001	-4.981088e-003
2.138581405895706e-004	-4.162087e-001	-5.001739e-003
2.140265941043100e-004	-4.992109e-001	-5.021598e-003
2.141950476190495e-004	-5.821334e-001	-5.040666e-003
2.150495238095063e-004	-9.994734e-001	-5.124133e-003
2.154710204081483e-004	-1.203751e+000	-5.156968e-003
2.158925170067902e-004	-1.405073e+000	-5.184631e-003
2.163140136054321e-004	-1.603441e+000	-5.207123e-003
2.167355102040741e-004	-1.798854e+000	-5.224442e-003
2.171570068027160e-004	-1.991313e+000	-5.236589e-003
2.175785034013579e-004	-2.180817e+000	-5.243564e-003
2.179999999999999e-004	-2.367367e+000	-5.245367e-003
2.182857142857142e-004	-2.491172e+000	-5.243247e-003
2.185714285714285e-004	-2.612744e+000	-5.238867e-003
2.188571428571428e-004	-2.732084e+000	-5.232228e-003
2.191428571428570e-004	-2.849192e+000	-5.223329e-003
2.194285714285714e-004	-2.964067e+000	-5.212169e-003
2.197142857142856e-004	-3.076710e+000	-5.198750e-003
2.199999999999999e-004	-3.187120e+000	-5.183070e-003
2.210000000000001e-004	-3.552155e+000	-5.109526e-003
2.220000000000000e-004	-3.882432e+000	-5.008620e-003
2.229999999999999e-004	-4.174720e+000	-4.881191e-003
2.240530529825514e-004	-4.438306e+000	-4.719315e-003
2.249999999999999e-004	-4.634283e+000	-4.550650e-003
2.260000000000001e-004	-4.797062e+000	-4.349752e-003
2.270000000000000e-004	-4.912902e+000	-4.126745e-003
2.271471643782897e-004	-4.925917e+000	-4.091987e-003
2.272943287565793e-004	-4.937882e+000	-4.056841e-003
2.274414931348690e-004	-4.948797e+000	-4.021309e-003
2.275886575131586e-004	-4.958662e+000	-3.985390e-003
2.277358218914483e-004	-4.967477e+000	-3.949084e-003
2.278829862697380e-004	-4.975242e+000	-3.912391e-003
2.280301506480276e-004	-4.981956e+000	-3.875311e-003
2.289000000000002e-004	-4.999997e+000	-3.647035e-003
2.289536507936509e-004	-4.999897e+000	-3.632504e-003
2.290073015873016e-004	-4.999657e+000	-3.617913e-003
2.290609523809523e-004	-4.999275e+000	-3.603261e-003
2.291146031746030e-004	-4.998753e+000	-3.588547e-003
2.291682539682537e-004	-4.998089e+000	-3.573773e-003
2.292219047619044e-004	-4.997285e+000	-3.558937e-003
2.292755555555550e-004	-4.996340e+000	-3.544041e-003
2.300000000000000e-004	-4.969805e+000	-3.339041e-003
2.303035315966754e-004	-4.951021e+000	-3.250333e-003
2.306070631933508e-004	-4.927833e+000	-3.160308e-003
2.309105947900262e-004	-4.900241e+000	-3.068966e-003
2.312141263867017e-004	-4.868245e+000	-2.976307e-003
2.315176579833771e-004	-4.831845e+000	-2.882332e-003
2.318211895800525e-004	-4.791041e+000	-2.787039e-003
2.321247211767279e-004	-4.745833e+000	-2.690430e-003
2.324132758930905e-004	-4.698851e+000	-2.597459e-003
2.327018306094530e-004	-4.648148e+000	-2.503591e-003
2.329903853258156e-004	-4.593725e+000	-2.408828e-003
2.332789400421781e-004	-4.535582e+000	-2.313169e-003
2.335674947585407e-004	-4.473719e+000	-2.216614e-003
2.338560494749032e-004	-4.408135e+000	-2.119163e-003
2.341446041912657e-004	-4.338831e+000	-2.020816e-003
2.344345357247376e-004	-4.265593e+000	-1.921197e-003
2.347244672582094e-004	-4.189009e+000	-1.820979e-003
2.350143987916813e-004	-4.109079e+000	-1.720163e-003
2.353043303251531e-004	-4.025804e+000	-1.618748e-003
2.355942618586249e-004	-3.939182e+000	-1.516735e-003
2.358841933920968e-004	-3.849214e+000	-1.414123e-003
2.361741249255686e-004	-3.755901e+000	-1.310913e-003
2.364445404825687e-004	-3.666076e+000	-1.214239e-003
2.367149560395688e-004	-3.573795e+000	-1.117307e-003
2.369853715965689e-004	-3.479058e+000	-1.020118e-003
2.372557871535690e-004	-3.381865e+000	-9.226713e-004
2.375262027105691e-004	-3.282216e+000	-8.249675e-004
2.377966182675691e-004	-3.180111e+000	-7.270065e-004
2.380670338245692e-004	-3.075550e+000	-6.287881e-004
2.383545824742245e-004	-2.961904e+000	-5.241804e-004
2.386421311238797e-004	-2.846098e+000	-4.195782e-004
2.389296797735349e-004	-2.728132e+000	-3.149816e-004
2.392172284231902e-004	-2.608006e+000	-2.103906e-004
2.395047770728454e-004	-2.485720e+000	-1.058052e-004
2.397923257225006e-004	-2.361274e+000	-1.225283e-006
2.400798743721559e-004	-2.234668e+000	1.033490e-004
2.409999999999999e-004	-1.818695e+000	4.363509e-004
2.420000000000000e-004	-1.349641e+000	7.947725e-004
2.422004678123977e-004	-1.253762e+000	8.660655e-004
2.424009356247954e-004	-1.157489e+000	9.370832e-004
2.426014034371931e-004	-1.060823e+000	1.007826e-003
2.428018712495908e-004	-9.637639e-001	1.078292e-003
2.430023390619885e-004	-8.663116e-001	1.148484e-003
2.432028068743862e-004	-7.684663e-001	1.218400e-003
2.434032746867838e-004	-6.702278e-001	1.288041e-003
2.440761904761906e-004	-3.390317e-001	1.519695e-003
2.447619047619050e-004	-4.951212e-011	1.751435e-003
2.447619147619051e-004	4.947959e-006	1.751439e-003
2.450000000000000e-004	1.177988e-001	1.830815e-003
2.459999999999999e-004	6.110790e-001	2.157456e-003
2.470096493557264e-004	1.103037e+000	2.474960e-003
2.470509367809839e-004	1.122954e+000	2.487662e-003
2.470577611889736e-004	1.126244e+000	2.489760e-003
2.470609595955824e-004	1.127786e+000	2.490743e-003
2.470629899473536e-004	1.128764e+000	2.491367e-003
2.470652867138127e-004	1.129871e+000	2.492072e-003
2.470690654251665e-004	1.131693e+000	2.493233e-003
2.470729888251401e-004	1.133583e+000	2.494438e-003
2.470808356250871e-004	1.137365e+000	2.496846e-003
2.470965292249812e-004	1.144925e+000	2.501661e-003
2.471279164247694e-004	1.160037e+000	2.511280e-003
2.471627595550844e-004	1.176800e+000	2.521943e-003
2.472050668760239e-004	1.197135e+000	2.534868e-003
2.472531538618597e-004	1.220223e+000	2.549529e-003
2.473038803621343e-004	1.244548e+000	2.564955e-003
2.473847785169562e-004	1.283277e+000	2.589480e-003
2.474776754268235e-004	1.327648e+000	2.617532e-003
2.475846436497964e-004	1.378600e+000	2.649666e-003
2.477443231363062e-004	1.454372e+000	2.697331e-003
2.479062028969031e-004	1.530817e+000	2.745345e-003
2.480000000000000e-004	1.574933e+000	2.773021e-003
2.480169807046993e-004	1.582905e+000	2.778003e-003
2.480509421140980e-004	1.598836e+000	2.787955e-003
2.481188649328954e-004	1.630643e+000	2.807795e-003
2.482547105704903e-004	1.694035e+000	2.847208e-003
2.485264018456800e-004	1.819890e+000	2.925027e-003
2.490000000000001e-004	2.036075e+000	3.059026e-003
2.490543382550380e-004	2.060601e+000	3.074070e-003
2.491630147651138e-004	2.109476e+000	3.104012e-003
2.493803677852656e-004	2.206487e+000	3.163507e-003
2.494347060403035e-004	2.230582e+000	3.178265e-003
2.495433825503793e-004	2.278577e+000	3.207510e-003
2.497607355705311e-004	2.373773e+000	3.265438e-003
2.500000000000000e-004	2.477293e+000	3.328619e-003
2.500434706040303e-004	2.495954e+000	3.339922e-003
2.501304118120910e-004	2.533136e+000	3.362425e-003
2.503042942282126e-004	2.606936e+000	3.407167e-003
2.503477648322428e-004	2.625266e+000	3.418273e-003
2.504347060403036e-004	2.661780e+000	3.440301e-003
2.506085884564251e-004	2.734215e+000	3.483847e-003
2.509999999999999e-004	2.894271e+000	3.580577e-003
2.512086588993456e-004	2.977837e+000	3.630596e-003
2.514782080341009e-004	3.083905e+000	3.693916e-003
2.520000000000001e-004	3.282929e+000	3.813689e-003
2.524079865002854e-004	3.432474e+000	3.902688e-003
2.530000000000000e-004	3.639462e+000	4.026900e-003
2.533101284159037e-004	3.743175e+000	4.088759e-003
2.536202568318074e-004	3.843137e+000	4.148549e-003
2.539303852477111e-004	3.939349e+000	4.206269e-003
2.542405136636148e-004	4.031810e+000	4.261920e-003
2.545506420795185e-004	4.120521e+000	4.315501e-003
2.548607704954222e-004	4.205481e+000	4.367014e-003
2.551708989113259e-004	4.286690e+000	4.416456e-003
2.554716557063066e-004	4.361524e+000	4.462212e-003
2.557724125012873e-004	4.432350e+000	4.505869e-003
2.560731692962680e-004	4.499166e+000	4.547426e-003
2.563739260912487e-004	4.561973e+000	4.586885e-003
2.566746828862294e-004	4.620772e+000	4.624245e-003
2.569754396812102e-004	4.675561e+000	4.659506e-003
2.572761964761909e-004	4.726342e+000	4.692669e-003
2.574603274603179e-004	4.755284e+000	4.712021e-003
2.574603304603179e-004	4.755285e+000	4.712021e-003
2.574603344603179e-004	4.755285e+000	4.712021e-003
2.574603374603179e-004	4.755286e+000	4.712022e-003
2.574612735745998e-004	4.755429e+000	4.712117e-003
2.574622096888818e-004	4.755572e+000	4.712213e-003
2.574631458031638e-004	4.755715e+000	4.712308e-003
2.574640819174458e-004	4.755858e+000	4.712403e-003
2.574650180317278e-004	4.756001e+000	4.712499e-003
2.574659541460098e-004	4.756144e+000	4.712594e-003
2.574668902602917e-004	4.756287e+000	4.712690e-003
2.574734438602656e-004	4.757286e+000	4.713357e-003
2.574865510602132e-004	4.759278e+000	4.714687e-003
2.575127654601084e-004	4.763238e+000	4.717334e-003
2.575522691089535e-004	4.769145e+000	4.721302e-003
2.575598661343731e-004	4.770273e+000	4.722061e-003
2.575788586979221e-004	4.773080e+000	4.723950e-003
2.575864557233416e-004	4.774199e+000	4.724703e-003
2.576016497741807e-004	4.776427e+000	4.726204e-003
2.576215586892082e-004	4.779330e+000	4.728164e-003
2.576372978204324e-004	4.781612e+000	4.729707e-003
2.576536495930146e-004	4.783971e+000	4.731302e-003
2.576776637477659e-004	4.787413e+000	4.733630e-003
2.577256920572688e-004	4.794215e+000	4.738238e-003
2.578086524855268e-004	4.805708e+000	4.746054e-003
2.579374569593841e-004	4.822911e+000	4.757939e-003
2.580000000000000e-004	4.830982e+000	4.763606e-003
2.580154707474518e-004	4.832950e+000	4.764977e-003
2.580464122423551e-004	4.836851e+000	4.767701e-003
2.581082952321620e-004	4.844519e+000	4.773063e-003
2.582320612117756e-004	4.859308e+000	4.783439e-003
2.584795931710030e-004	4.886697e+000	4.803145e-003
2.587427127411410e-004	4.912596e+000	4.822663e-003
2.589999999999999e-004	4.934701e+000	4.840545e-003
2.591068046674170e-004	4.942938e+000	4.847243e-003
2.592492108906396e-004	4.953062e+000	4.855759e-003
2.594166238488527e-004	4.963706e+000	4.865091e-003
2.600000000000000e-004	4.990134e+000	4.893003e-003
2.606471689376925e-004	4.999996e+000	4.913811e-003
2.608258066145602e-004	4.999105e+000	4.917680e-003
2.610044442914279e-004	4.996655e+000	4.920767e-003
2.611830819682956e-004	4.992646e+000	4.923070e-003
2.613617196451632e-004	4.987077e+000	4.924590e-003
2.615403573220309e-004	4.979949e+000	4.925328e-003
2.617189949988986e-004	4.971261e+000	4.925282e-003
2.618976326757663e-004	4.961014e+000	4.924453e-003
2.630476706969741e-004	4.858152e+000	4.900603e-003
2.639999999999999e-004	4.725316e+000	4.856161e-003
2.650000000000000e-004	4.540716e+000	4.785804e-003
2.660000000000000e-004	4.311685e+000	4.691596e-003
2.669999999999999e-004	4.040463e+000	4.574060e-003
2.671683371687152e-004	3.990805e+000	4.551850e-003
2.673366743374305e-004	3.940075e+000	4.529054e-003
2.675050115061458e-004	3.888273e+000	4.505671e-003
2.676733486748611e-004	3.835400e+000	4.481701e-003
2.678416858435764e-004	3.781455e+000	4.457144e-003
2.680100230122917e-004	3.726439e+000	4.432002e-003
2.681783601810070e-004	3.670350e+000	4.406272e-003
2.689999999999999e-004	3.382452e+000	4.271557e-003
2.700000000000001e-004	3.002101e+000	4.088128e-003
2.710000000000000e-004	2.592374e+000	3.884441e-003
2.712926321440643e-004	2.467218e+000	3.820940e-003
2.715852642881286e-004	2.340265e+000	3.755931e-003
2.718778964321929e-004	2.211513e+000	3.689415e-003
2.721705285762573e-004	2.080963e+000	3.621392e-003
2.724631607203216e-004	1.948616e+000	3.551861e-003
2.727557928643859e-004	1.814470e+000	3.480824e-003
2.730484250084502e-004	1.678526e+000	3.408279e-003
2.733360762945026e-004	1.543518e+000	3.335321e-003
2.736237275805549e-004	1.407537e+000	3.261106e-003
2.739113788666072e-004	1.270581e+000	3.185633e-003
2.741990301526595e-004	1.132651e+000	3.108902e-003
2.744866814387118e-004	9.937480e-001	3.030913e-003
2.747743327247641e-004	8.538707e-001	2.951666e-003
2.750619840108165e-004	7.130195e-001	2.871161e-003
2.752685486532622e-004	6.115778e-001	2.812503e-003
2.754751132957080e-004	5.099966e-001	2.753301e-003
2.756816779381538e-004	4.082761e-001	2.693553e-003
2.758882425805995e-004	3.064162e-001	2.633261e-003
2.760948072230453e-004	2.044168e-001	2.572424e-003
2.763013718654911e-004	1.022781e-001	2.511042e-003
2.765079365079368e-004	4.931766e-011	2.449116e-003
2.766107392290252e-004	-5.088091e-002	2.418072e-003
2.767135419501136e-004	-1.017428e-001	2.386901e-003
2.768163446712019e-004	-1.525857e-001	2.355601e-003
2.769191473922903e-004	-2.034096e-001	2.324174e-003
2.770219501133787e-004	-2.542145e-001	2.292618e-003
2.771247528344671e-004	-3.050004e-001	2.260935e-003
2.772275555555555e-004	-3.557672e-001	2.229124e-003
2.775639822222222e-004	-5.220468e-001	2.124178e-003
2.779004088888889e-004	-6.872896e-001	2.018145e-003
2.782368355555556e-004	-8.514957e-001	1.911024e-003
2.785732622222223e-004	-1.014665e+000	1.802814e-003
2.789096888888890e-004	-1.176798e+000	1.693516e-003
2.792461155555557e-004	-1.337894e+000	1.583131e-003
2.795825422222224e-004	-1.497953e+000	1.471657e-003
2.800656951918708e-004	-1.724238e+000	1.310642e-003
2.803420244501750e-004	-1.852158e+000	1.217577e-003
2.806183537084791e-004	-1.978458e+000	1.124114e-003
2.808946829667833e-004	-2.103137e+000	1.030252e-003
2.811710122250874e-004	-2.226197e+000	9.359920e-004
2.814473414833916e-004	-2.347636e+000	8.413336e-004
2.817236707416958e-004	-2.467456e+000	7.462769e-004
2.819999999999999e-004	-2.585655e+000	6.508218e-004
2.822955589438120e-004	-2.709960e+000	5.483408e-004
2.825911178876241e-004	-2.831690e+000	4.456853e-004
2.828866768314362e-004	-2.950847e+000	3.428555e-004
2.831822357752483e-004	-3.067429e+000	2.398512e-004
2.834777947190604e-004	-3.181438e+000	1.366725e-004
2.837733536628725e-004	-3.292873e+000	3.331936e-005
2.840689126066846e-004	-3.401733e+000	-7.020819e-005
2.849999999999999e-004	-3.724470e+000	-3.960971e-004
2.852857142857142e-004	-3.817464e+000	-4.960425e-004
2.855714285714285e-004	-3.907233e+000	-5.957684e-004
2.858571428571428e-004	-3.993776e+000	-6.952749e-004
2.861428571428570e-004	-4.077095e+000	-7.945618e-004
2.864285714285713e-004	-4.157190e+000	-8.936293e-004
2.867142857142857e-004	-4.234059e+000	-9.924773e-004
2.869999999999999e-004	-4.307703e+000	-1.091106e-003
2.880000000000001e-004	-4.537422e+000	-1.432880e-003
2.890000000000000e-004	-4.722742e+000	-1.768724e-003
2.899999999999999e-004	-4.861850e+000	-2.097096e-003
2.910000000000000e-004	-4.953383e+000	-2.416494e-003
2.911885189247199e-004	-4.965236e+000	-2.475565e-003
2.913770378494398e-004	-4.975353e+000	-2.534244e-003
2.915655567741596e-004	-4.983735e+000	-2.592531e-003
2.917540756988795e-004	-4.990381e+000	-2.650427e-003
2.919425946235993e-004	-4.995292e+000	-2.707932e-003
2.921311135483192e-004	-4.998468e+000	-2.765045e-003
2.923196324730391e-004	-4.999908e+000	-2.821766e-003
2.923809523809528e-004	-5.000000e+000	-2.840111e-003
2.926190305848755e-004	-4.998602e+000	-2.910863e-003
2.928571087887982e-004	-4.994439e+000	-2.980863e-003
2.930951869927209e-004	-4.987511e+000	-3.050112e-003
2.933332651966436e-004	-4.977819e+000	-3.118610e-003
2.935713434005662e-004	-4.965363e+000	-3.186356e-003
2.938094216044890e-004	-4.950142e+000	-3.253352e-003
2.940474998084116e-004	-4.932156e+000	-3.319596e-003
2.943342745632819e-004	-4.906808e+000	-3.398203e-003
2.946210493181522e-004	-4.877576e+000	-3.475534e-003
2.949078240730225e-004	-4.844460e+000	-3.551590e-003
2.951945988278927e-004	-4.807459e+000	-3.626370e-003
2.954813735827630e-004	-4.766575e+000	-3.699874e-003
2.957681483376332e-004	-4.721807e+000	-3.772102e-003
2.960549230925035e-004	-4.673154e+000	-3.843055e-003
2.965752941295798e-004	-4.574592e+000	-3.968320e-003
2.970956651666560e-004	-4.464717e+000	-4.088494e-003
2.976160362037323e-004	-4.343529e+000	-4.203577e-003
2.981364072408085e-004	-4.211028e+000	-4.313569e-003
2.986567782778848e-004	-4.067215e+000	-4.418471e-003
2.991771493149610e-004	-3.912088e+000	-4.518281e-003
2.996975203520373e-004	-3.745649e+000	-4.613000e-003
3.010000000000001e-004	-3.288849e+000	-4.825612e-003
3.013183481112030e-004	-3.168274e+000	-4.871967e-003
3.016366962224058e-004	-3.044869e+000	-4.916120e-003
3.019550443336087e-004	-2.918634e+000	-4.958070e-003
3.022733924448116e-004	-2.789568e+000	-4.997817e-003
3.025917405560145e-004	-2.657673e+000	-5.035362e-003
3.029100886672174e-004	-2.522948e+000	-5.070703e-003
3.032284367784203e-004	-2.385392e+000	-5.103842e-003
3.040000000000000e-004	-2.043245e+000	-5.174837e-003
3.050513697877128e-004	-1.558253e+000	-5.249231e-003
3.059999999999999e-004	-1.106040e+000	-5.294601e-003
3.062857142857142e-004	-9.674469e-001	-5.303956e-003
3.065714285714285e-004	-8.283660e-001	-5.311468e-003
3.068571428571428e-004	-6.887977e-001	-5.317137e-003
3.071428571428571e-004	-5.487420e-001	-5.320962e-003
3.074285714285715e-004	-4.081989e-001	-5.322943e-003
3.077142857142858e-004	-2.671684e-001	-5.323081e-003
3.080000000000001e-004	-1.256505e-001	-5.321375e-003
3.082539682539688e-004	-4.931947e-011	-5.318097e-003
3.082539782539684e-004	4.947959e-006	-5.318097e-003
3.083605527891157e-004	5.274850e-002	-5.316174e-003
3.084671273242630e-004	1.054726e-001	-5.314021e-003
3.085737018594104e-004	1.581773e-001	-5.311637e-003
3.086802763945578e-004	2.108626e-001	-5.309022e-003
3.087868509297051e-004	2.635285e-001	-5.306177e-003
3.088934254648525e-004	3.161749e-001	-5.303101e-003
3.089999999999998e-004	3.688019e-001	-5.299795e-003
3.100000000000000e-004	8.596455e-001	-5.254966e-003
3.105467579418634e-004	1.124765e+000	-5.220620e-003
3.105520152297658e-004	1.127300e+000	-5.220263e-003
3.105625298055709e-004	1.132368e+000	-5.219536e-003
3.105653871661933e-004	1.133745e+000	-5.219338e-003
3.105694706119432e-004	1.135713e+000	-5.219055e-003
3.105739599580585e-004	1.137876e+000	-5.218743e-003
3.105829386502888e-004	1.142201e+000	-5.218117e-003
3.106008960347493e-004	1.150850e+000	-5.216859e-003
3.106355626353750e-004	1.167536e+000	-5.214411e-003
3.106700615279345e-004	1.184127e+000	-5.211950e-003
3.107123926912969e-004	1.204466e+000	-5.208890e-003
3.107629796856447e-004	1.228744e+000	-5.205181e-003
3.108215031437161e-004	1.256793e+000	-5.200810e-003
3.109069106511796e-004	1.297651e+000	-5.194294e-003
3.109966226796782e-004	1.340468e+000	-5.187328e-003
3.110000000000001e-004	1.342077e+000	-5.187063e-003
3.110067546406438e-004	1.345297e+000	-5.186527e-003
3.110202639219311e-004	1.351733e+000	-5.185451e-003
3.111013196096554e-004	1.390302e+000	-5.178888e-003
3.112093938599544e-004	1.441588e+000	-5.169895e-003
3.113507104241381e-004	1.508399e+000	-5.157772e-003
3.115014043216157e-004	1.579319e+000	-5.144400e-003
3.116257736120154e-004	1.637585e+000	-5.132950e-003
3.118007901223149e-004	1.719157e+000	-5.116201e-003
3.119999999999998e-004	1.811377e+000	-5.096581e-003
3.121633185690503e-004	1.886458e+000	-5.079656e-003
3.122333122415008e-004	1.918486e+000	-5.072214e-003
3.123266371381009e-004	1.961046e+000	-5.062072e-003
3.125132869313011e-004	2.045661e+000	-5.041068e-003
3.128865865177017e-004	2.212770e+000	-4.997490e-003
3.129999999999999e-004	2.262952e+000	-4.983832e-003
3.130746599172801e-004	2.295831e+000	-4.974435e-003
3.132239797518405e-004	2.361213e+000	-4.955279e-003
3.135226194209608e-004	2.490415e+000	-4.915418e-003
3.140000000000000e-004	2.692383e+000	-4.849302e-003
3.141063303303280e-004	2.736567e+000	-4.833708e-003
3.142278507078456e-004	2.786691e+000	-4.815525e-003
3.144708914628808e-004	2.885723e+000	-4.778008e-003
3.150000000000002e-004	3.095470e+000	-4.693707e-003
3.152581621622937e-004	3.194764e+000	-4.649888e-003
3.155711752286261e-004	3.312353e+000	-4.595509e-003
3.157009973152271e-004	3.360216e+000	-4.572344e-003
3.158308194018281e-004	3.407505e+000	-4.548803e-003
3.159606414884292e-004	3.454220e+000	-4.524886e-003
3.160904635750302e-004	3.500362e+000	-4.500594e-003
3.162202856616313e-004	3.545929e+000	-4.475926e-003
3.163501077482323e-004	3.590923e+000	-4.450884e-003
3.164799298348334e-004	3.635343e+000	-4.425465e-003
3.167045295800387e-004	3.710806e+000	-4.381327e-003
3.169291293252439e-004	3.784354e+000	-4.336207e-003
3.171537290704492e-004	3.855988e+000	-4.290104e-003
3.173783288156544e-004	3.925707e+000	-4.243019e-003
3.176029285608597e-004	3.993511e+000	-4.194951e-003
3.178275283060649e-004	4.059401e+000	-4.145900e-003
3.180521280512702e-004	4.123375e+000	-4.095867e-003
3.184126781988524e-004	4.221912e+000	-4.013661e-003
3.187732283464347e-004	4.314797e+000	-3.929317e-003
3.191337784940169e-004	4.402030e+000	-3.842834e-003
3.194943286415991e-004	4.483611e+000	-3.754212e-003
3.198548787891813e-004	4.559541e+000	-3.663451e-003
3.202154289367636e-004	4.629818e+000	-3.570552e-003
3.205759790843457e-004	4.694445e+000	-3.475514e-003
3.209523909523809e-004	4.755284e+000	-3.374736e-003
3.209523939523809e-004	4.755285e+000	-3.374735e-003
3.209523979523809e-004	4.755285e+000	-3.374734e-003
3.209524009523813e-004	4.755286e+000	-3.374733e-003
3.209533370667039e-004	4.755429e+000	-3.374479e-003
3.209542731810265e-004	4.755572e+000	-3.374225e-003
3.209552092953491e-004	4.755715e+000	-3.373971e-003
3.209561454096717e-004	4.755858e+000	-3.373717e-003
3.209570815239943e-004	4.756001e+000	-3.373463e-003
3.209580176383169e-004	4.756144e+000	-3.373209e-003
3.209589537526395e-004	4.756287e+000	-3.372955e-003
3.209655073528974e-004	4.757286e+000	-3.371175e-003
3.209786145534133e-004	4.759278e+000	-3.367614e-003
3.210000000000001e-004	4.762511e+000	-3.361800e-003
3.210078643203097e-004	4.763694e+000	-3.359660e-003
3.210183500807224e-004	4.765268e+000	-3.356805e-003
3.210393216015483e-004	4.768400e+000	-3.351088e-003
3.210830549022050e-004	4.774865e+000	-3.339155e-003
3.210866354202155e-004	4.775390e+000	-3.338176e-003
3.210937964562366e-004	4.776439e+000	-3.336219e-003
3.211035065033177e-004	4.777857e+000	-3.333563e-003
3.211112297053518e-004	4.778982e+000	-3.331450e-003
3.211315265499891e-004	4.781926e+000	-3.325892e-003
3.211550360664034e-004	4.785311e+000	-3.319446e-003
3.211851231813365e-004	4.789605e+000	-3.311183e-003
3.212403632457915e-004	4.797379e+000	-3.295976e-003
3.213229424539449e-004	4.808733e+000	-3.273166e-003
3.214126595251976e-004	4.820704e+000	-3.248257e-003
3.215920936677033e-004	4.843505e+000	-3.198115e-003
3.217582778369536e-004	4.863261e+000	-3.151289e-003
3.219999999999998e-004	4.889647e+000	-3.082695e-003
3.220246998793487e-004	4.892186e+000	-3.075622e-003
3.220740996380468e-004	4.897176e+000	-3.061450e-003
3.221728991554432e-004	4.906805e+000	-3.032989e-003
3.223704981902358e-004	4.924654e+000	-2.975670e-003
3.226479131853209e-004	4.946536e+000	-2.894386e-003
3.229999999999999e-004	4.968937e+000	-2.790312e-003
3.231446712018141e-004	4.976397e+000	-2.746930e-003
3.232893424036281e-004	4.982834e+000	-2.703325e-003
3.234340136054422e-004	4.988248e+000	-2.659498e-003
3.235786848072563e-004	4.992640e+000	-2.615449e-003
3.237233560090704e-004	4.996009e+000	-2.571177e-003
3.238680272108845e-004	4.998356e+000	-2.526684e-003
3.240126984126986e-004	4.999680e+000	-2.481968e-003
3.240515192743766e-004	4.999860e+000	-2.469924e-003
3.240903401360546e-004	4.999967e+000	-2.457862e-003
3.241291609977326e-004	5.000000e+000	-2.445782e-003
3.241679818594106e-004	4.999959e+000	-2.433684e-003
3.242068027210886e-004	4.999844e+000	-2.421567e-003
3.242456235827666e-004	4.999655e+000	-2.409432e-003
3.242844444444446e-004	4.999393e+000	-2.397279e-003
3.245371968054832e-004	4.995863e+000	-2.317784e-003
3.247899491665218e-004	4.989225e+000	-2.237716e-003
3.250427015275604e-004	4.979476e+000	-2.157073e-003
3.252954538885990e-004	4.966618e+000	-2.075856e-003
3.255482062496376e-004	4.950651e+000	-1.994065e-003
3.258009586106763e-004	4.931574e+000	-1.911700e-003
3.260537109717149e-004	4.909388e+000	-1.828761e-003
3.270000000000000e-004	4.799271e+000	-1.514119e-003
3.280583712592473e-004	4.626348e+000	-1.155347e-003
3.289999999999999e-004	4.429804e+000	-8.314406e-004
3.291504309488970e-004	4.394780e+000	-7.793270e-004
3.293008618977940e-004	4.358800e+000	-7.271583e-004
3.294512928466911e-004	4.321865e+000	-6.749347e-004
3.296017237955882e-004	4.283976e+000	-6.226561e-004
3.297521547444853e-004	4.245131e+000	-5.703224e-004
3.299025856933823e-004	4.205332e+000	-5.179338e-004
3.300530166422794e-004	4.164577e+000	-4.654901e-004
3.310000000000001e-004	3.887377e+000	-1.344105e-004
3.319999999999998e-004	3.557678e+000	2.158186e-004
3.330000000000000e-004	3.193168e+000	5.652318e-004
3.340000000000001e-004	2.797411e+000	9.123737e-004
3.349999999999998e-004	2.374282e+000	1.255806e-003
3.351527234866298e-004	2.307475e+000	1.307773e-003
3.353054469732598e-004	2.240178e+000	1.359629e-003
3.354581704598899e-004	2.172391e+000	1.411375e-003
3.356108939465199e-004	2.104115e+000	1.463009e-003
3.357636174331499e-004	2.035348e+000	1.514533e-003
3.359163409197799e-004	1.966091e+000	1.565946e-003
3.360690644064099e-004	1.896345e+000	1.617247e-003
3.363533316283709e-004	1.765205e+000	1.712182e-003
3.366375988503319e-004	1.632931e+000	1.806494e-003
3.369218660722928e-004	1.499523e+000	1.900183e-003
3.372061332942538e-004	1.364980e+000	1.993249e-003
3.374904005162147e-004	1.229303e+000	2.085693e-003
3.377746677381757e-004	1.092491e+000	2.177514e-003
3.380589349601367e-004	9.545451e-001	2.268712e-003
3.382337853670679e-004	8.694042e-001	2.324361e-003
3.384086357739992e-004	7.840714e-001	2.379701e-003
3.385834861809304e-004	6.985468e-001	2.434730e-003
3.387583365878616e-004	6.128303e-001	2.489450e-003
3.389331869947929e-004	5.269221e-001	2.543860e-003
3.391080374017241e-004	4.408219e-001	2.597960e-003
3.392828878086554e-004	3.545300e-001	2.651749e-003
3.396600715535290e-004	1.681652e-001	2.766554e-003
3.400000000000000e-004	4.958155e-011	2.869164e-003
