time	V(vin)	V(vout)
0.000000000000000e+000	4.000000e+000	-2.299172e+000
6.799696922155877e-007	3.932003e+000	-2.321954e+000
1.233132465902403e-006	3.876687e+000	-2.339823e+000
1.780350785824301e-006	3.821965e+000	-2.356787e+000
2.327569105746200e-006	3.767243e+000	-2.373057e+000
2.874787425668098e-006	3.712521e+000	-2.388634e+000
3.422005745589996e-006	3.657799e+000	-2.403517e+000
3.969224065511895e-006	3.603078e+000	-2.417706e+000
4.516442385433792e-006	3.548356e+000	-2.431202e+000
5.063660705355690e-006	3.493634e+000	-2.444004e+000
6.381970232134616e-006	3.361803e+000	-2.471850e+000
6.666676666666717e-006	3.333332e+000	-2.477339e+000
6.748793064381524e-006	3.325121e+000	-2.478896e+000
6.750158160111989e-006	3.324984e+000	-2.478921e+000
6.851553706328176e-006	3.314845e+000	-2.480804e+000
6.853041749738673e-006	3.314696e+000	-2.480831e+000
6.853881212566483e-006	3.314612e+000	-2.480847e+000
6.854375374219920e-006	3.314563e+000	-2.480856e+000
6.854541643153004e-006	3.314546e+000	-2.480859e+000
6.854673760635323e-006	3.314533e+000	-2.480861e+000
6.854730923157651e-006	3.314527e+000	-2.480862e+000
6.854801478774122e-006	3.314520e+000	-2.480864e+000
6.854867456700586e-006	3.314513e+000	-2.480865e+000
6.854999412553514e-006	3.314500e+000	-2.480867e+000
6.855159860182656e-006	3.314484e+000	-2.480870e+000
6.855431446078789e-006	3.314457e+000	-2.480875e+000
6.855808450968769e-006	3.314419e+000	-2.480882e+000
6.858070480308433e-006	3.314193e+000	-2.480924e+000
6.861086519427840e-006	3.313891e+000	-2.480979e+000
6.867118597666871e-006	3.313288e+000	-2.481090e+000
6.879182754144717e-006	3.312082e+000	-2.481312e+000
6.893398294746580e-006	3.310660e+000	-2.481573e+000
6.907962958258278e-006	3.309204e+000	-2.481840e+000
6.939556818940859e-006	3.306044e+000	-2.482417e+000
6.986471093430166e-006	3.301353e+000	-2.483269e+000
7.006224806762803e-006	3.299378e+000	-2.483627e+000
7.025978520095439e-006	3.297402e+000	-2.483983e+000
7.045732233428076e-006	3.295427e+000	-2.484339e+000
7.065485946760712e-006	3.293451e+000	-2.484693e+000
7.085239660093349e-006	3.291476e+000	-2.485046e+000
7.104993373425985e-006	3.289501e+000	-2.485398e+000
7.124747086758622e-006	3.287525e+000	-2.485749e+000
7.200597760455675e-006	3.279940e+000	-2.487090e+000
7.274354374757876e-006	3.272565e+000	-2.488381e+000
7.360550849970548e-006	3.263945e+000	-2.489868e+000
7.528482162357702e-006	3.247152e+000	-2.492716e+000
7.702962646062963e-006	3.229704e+000	-2.495597e+000
7.999999999999978e-006	3.200000e+000	-2.500387e+000
8.098292059230319e-006	3.190171e+000	-2.501909e+000
8.229348138204034e-006	3.177065e+000	-2.503893e+000
8.491460296151682e-006	3.150854e+000	-2.507708e+000
8.999999999999894e-006	3.100000e+000	-2.514829e+000
9.657317483344704e-006	3.034268e+000	-2.522990e+000
1.031463496668952e-005	2.968536e+000	-2.530080e+000
1.097195245003433e-005	2.902805e+000	-2.536100e+000
1.162926993337914e-005	2.837073e+000	-2.541050e+000
1.228658741672395e-005	2.771341e+000	-2.544929e+000
1.294390490006876e-005	2.705610e+000	-2.547738e+000
1.360122238341357e-005	2.639878e+000	-2.549477e+000
1.501768291362265e-005	2.498232e+000	-2.549589e+000
1.643414344383172e-005	2.356586e+000	-2.544744e+000
1.785060397404079e-005	2.214940e+000	-2.534943e+000
1.926706450424987e-005	2.073294e+000	-2.520185e+000
2.068352503445894e-005	1.931648e+000	-2.500471e+000
2.209998556466802e-005	1.790001e+000	-2.475800e+000
2.351644609487709e-005	1.648355e+000	-2.446173e+000
2.530883997323028e-005	1.469116e+000	-2.401485e+000
2.710123385158348e-005	1.289877e+000	-2.349688e+000
2.889362772993668e-005	1.110637e+000	-2.290782e+000
3.068602160828988e-005	9.313979e-001	-2.224766e+000
3.247841548664308e-005	7.521585e-001	-2.151640e+000
3.427080936499628e-005	5.729191e-001	-2.071405e+000
3.606320324334948e-005	3.936797e-001	-1.984061e+000
3.999999999999989e-005	1.776357e-014	-1.771715e+000
4.086529179062854e-005	-8.652918e-002	-1.721175e+000
4.173058358125719e-005	-1.730584e-001	-1.669457e+000
4.259587537188584e-005	-2.595875e-001	-1.616562e+000
4.346116716251449e-005	-3.461167e-001	-1.562489e+000
4.432645895314314e-005	-4.326459e-001	-1.507238e+000
4.519175074377179e-005	-5.191751e-001	-1.450810e+000
4.605704253440044e-005	-6.057042e-001	-1.393203e+000
4.722344736499374e-005	-7.223447e-001	-1.313748e+000
4.838985219558703e-005	-8.389852e-001	-1.232782e+000
4.955625702618034e-005	-9.556257e-001	-1.150305e+000
5.072266185677364e-005	-1.072266e+000	-1.066318e+000
5.188906668736694e-005	-1.188907e+000	-9.808204e-001
5.305547151796024e-005	-1.305547e+000	-8.938120e-001
5.422187634855353e-005	-1.422188e+000	-8.052928e-001
5.428571428571440e-005	-1.428571e+000	-8.004287e-001
5.441339016003612e-005	-1.441339e+000	-7.906911e-001
5.454324716797966e-005	-1.454325e+000	-7.807750e-001
5.484215112567653e-005	-1.484215e+000	-7.578941e-001
5.514105508337340e-005	-1.514106e+000	-7.349496e-001
5.543995904107028e-005	-1.543996e+000	-7.119412e-001
5.573886299876716e-005	-1.573886e+000	-6.888691e-001
5.603776695646403e-005	-1.603777e+000	-6.657333e-001
5.633667091416090e-005	-1.633667e+000	-6.425337e-001
5.663557487185778e-005	-1.663558e+000	-6.192703e-001
5.664939171689826e-005	-1.664939e+000	-6.181937e-001
5.665546868356707e-005	-1.665547e+000	-6.177202e-001
5.665842320802745e-005	-1.665842e+000	-6.174899e-001
5.666003927352068e-005	-1.666004e+000	-6.173640e-001
5.666109582998149e-005	-1.666110e+000	-6.172817e-001
5.666152441985949e-005	-1.666152e+000	-6.172483e-001
5.666178252025362e-005	-1.666178e+000	-6.172282e-001
5.666193144874599e-005	-1.666193e+000	-6.172165e-001
5.666208054922991e-005	-1.666208e+000	-6.172049e-001
5.666224198404659e-005	-1.666224e+000	-6.171923e-001
5.666240693129451e-005	-1.666241e+000	-6.171795e-001
5.666283955527477e-005	-1.666284e+000	-6.171458e-001
5.666357818177306e-005	-1.666358e+000	-6.170882e-001
5.666529498784558e-005	-1.666530e+000	-6.169544e-001
5.666719843146423e-005	-1.666720e+000	-6.168061e-001
5.667031479477227e-005	-1.667032e+000	-6.165632e-001
5.667654752138855e-005	-1.667655e+000	-6.160774e-001
5.668359691452223e-005	-1.668360e+000	-6.155280e-001
5.669222880991232e-005	-1.669223e+000	-6.148552e-001
5.670121918166450e-005	-1.670122e+000	-6.141543e-001
5.671255289421131e-005	-1.671255e+000	-6.132708e-001
5.672524772526769e-005	-1.672525e+000	-6.122810e-001
5.674247514877084e-005	-1.674248e+000	-6.109376e-001
5.676771049772846e-005	-1.676771e+000	-6.089695e-001
5.678592675566500e-005	-1.678593e+000	-6.075486e-001
5.680529638475099e-005	-1.680530e+000	-6.060374e-001
5.685476494072194e-005	-1.685477e+000	-6.021770e-001
5.688668855630954e-005	-1.688669e+000	-5.996849e-001
5.692964630924012e-005	-1.692965e+000	-5.963305e-001
5.696582535890142e-005	-1.696583e+000	-5.935046e-001
5.699999999999998e-005	-1.700000e+000	-5.908347e-001
5.700467143684887e-005	-1.700467e+000	-5.904696e-001
5.701401431054687e-005	-1.701401e+000	-5.897394e-001
5.703270005794265e-005	-1.703270e+000	-5.882789e-001
5.707007155273444e-005	-1.707007e+000	-5.853572e-001
5.720502004630734e-005	-1.720502e+000	-5.748001e-001
5.731247256534375e-005	-1.731247e+000	-5.663857e-001
5.745463304437730e-005	-1.745463e+000	-5.552436e-001
5.760647512576315e-005	-1.760648e+000	-5.433311e-001
5.773170579006907e-005	-1.773171e+000	-5.334959e-001
5.790597863987359e-005	-1.790598e+000	-5.197958e-001
5.802537037537985e-005	-1.802537e+000	-5.104019e-001
5.817759262766024e-005	-1.817759e+000	-4.984088e-001
5.838055563070054e-005	-1.838056e+000	-4.823951e-001
5.878648163678115e-005	-1.878648e+000	-4.503211e-001
5.900000000000003e-005	-1.900000e+000	-4.334287e-001
5.915261991105763e-005	-1.915262e+000	-4.213310e-001
5.935611312580104e-005	-1.935611e+000	-4.051821e-001
5.976309955528806e-005	-1.976310e+000	-3.728433e-001
5.999999999999994e-005	-2.000000e+000	-3.539989e-001
6.004567497944853e-005	-2.004567e+000	-3.503605e-001
6.013702493834548e-005	-2.013702e+000	-3.430816e-001
6.031972485613939e-005	-2.031972e+000	-3.285128e-001
6.068397769620824e-005	-2.068398e+000	-2.994366e-001
6.100000000000007e-005	-2.100000e+000	-2.741876e-001
6.104779805142947e-005	-2.104780e+000	-2.703640e-001
6.114339415428803e-005	-2.114339e+000	-2.627147e-001
6.133458636000538e-005	-2.133459e+000	-2.474069e-001
6.171697077143987e-005	-2.171697e+000	-2.167669e-001
6.199999999999999e-005	-2.200000e+000	-1.940726e-001
6.221398281609520e-005	-2.221398e+000	-1.768948e-001
6.249929323755526e-005	-2.249929e+000	-1.539755e-001
6.299999999999991e-005	-2.300000e+000	-1.137321e-001
6.339943459004430e-005	-2.339943e+000	-8.159266e-002
6.400000000000004e-005	-2.400000e+000	-3.324425e-002
6.446863879381606e-005	-2.446864e+000	4.524629e-003
6.493727758763207e-005	-2.493728e+000	4.227995e-002
6.540591638144809e-005	-2.540592e+000	8.002171e-002
6.587455517526411e-005	-2.587455e+000	1.177499e-001
6.634319396908012e-005	-2.634319e+000	1.554646e-001
6.681183276289614e-005	-2.681183e+000	1.931656e-001
6.728047155671216e-005	-2.728047e+000	2.308532e-001
7.009524409523822e-005	-3.009524e+000	4.559503e-001
7.015874015873038e-005	-3.015874e+000	4.609974e-001
7.019465191942685e-005	-3.019465e+000	4.638513e-001
7.019522132828827e-005	-3.019522e+000	4.638966e-001
7.031351059857299e-005	-3.031351e+000	4.732925e-001
7.031876965009321e-005	-3.031877e+000	4.737101e-001
7.032018430880673e-005	-3.032018e+000	4.738224e-001
7.032085272494579e-005	-3.032085e+000	4.738755e-001
7.032112108968356e-005	-3.032112e+000	4.738968e-001
7.032129654288024e-005	-3.032130e+000	4.739107e-001
7.032141282018204e-005	-3.032141e+000	4.739200e-001
7.032154872901614e-005	-3.032155e+000	4.739308e-001
7.032180030654145e-005	-3.032180e+000	4.739507e-001
7.032532239189442e-005	-3.032532e+000	4.742304e-001
7.032934763229778e-005	-3.032935e+000	4.745500e-001
7.033739811310473e-005	-3.033740e+000	4.751892e-001
7.035019930582971e-005	-3.035020e+000	4.762055e-001
7.036465487298771e-005	-3.036465e+000	4.773531e-001
7.039533718548462e-005	-3.039534e+000	4.797886e-001
7.041602609348719e-005	-3.041603e+000	4.814306e-001
7.045068849547797e-005	-3.045069e+000	4.841812e-001
7.047826721903782e-005	-3.047827e+000	4.863694e-001
7.050827185036876e-005	-3.050827e+000	4.887496e-001
7.053567127593679e-005	-3.053567e+000	4.909228e-001
7.057493525172535e-005	-3.057493e+000	4.940364e-001
7.063293959312720e-005	-3.063294e+000	4.986348e-001
7.070257095509458e-005	-3.070257e+000	5.041530e-001
7.078224267872990e-005	-3.078224e+000	5.104638e-001
7.090618319637899e-005	-3.090618e+000	5.202760e-001
7.099999999999988e-005	-3.100000e+000	5.277000e-001
7.107103581173988e-005	-3.107104e+000	5.333168e-001
7.116575022739343e-005	-3.116575e+000	5.408013e-001
7.135517905870054e-005	-3.135518e+000	5.557532e-001
7.173403672131474e-005	-3.173404e+000	5.856118e-001
7.200000000000002e-005	-3.200000e+000	6.065436e-001
7.228492140376290e-005	-3.228492e+000	6.289014e-001
7.306512489228855e-005	-3.306513e+000	6.899062e-001
7.350976596601172e-005	-3.350977e+000	7.245107e-001
7.395440703973490e-005	-3.395441e+000	7.589669e-001
7.439904811345807e-005	-3.439905e+000	7.932749e-001
7.484368918718126e-005	-3.484369e+000	8.274346e-001
7.528833026090443e-005	-3.528833e+000	8.614461e-001
7.573297133462761e-005	-3.573297e+000	8.953094e-001
7.617761240835078e-005	-3.617761e+000	9.290244e-001
7.689978208371116e-005	-3.689978e+000	9.834472e-001
7.762195175907155e-005	-3.762195e+000	1.037319e+000
7.834412143443192e-005	-3.834412e+000	1.090641e+000
7.906629110979231e-005	-3.906629e+000	1.143413e+000
7.978846078515269e-005	-3.978846e+000	1.195634e+000
8.051063046051307e-005	-4.051063e+000	1.247305e+000
8.123280013587345e-005	-4.123280e+000	1.298425e+000
8.166216973633930e-005	-4.166217e+000	1.328491e+000
8.209153933680517e-005	-4.209154e+000	1.358309e+000
8.252090893727102e-005	-4.252091e+000	1.387881e+000
8.295027853773687e-005	-4.295028e+000	1.417206e+000
8.337964813820274e-005	-4.337965e+000	1.446283e+000
8.380901773866859e-005	-4.380902e+000	1.475114e+000
8.423838733913444e-005	-4.423839e+000	1.503698e+000
8.466475530334624e-005	-4.466476e+000	1.531823e+000
8.509112326755802e-005	-4.509112e+000	1.559669e+000
8.551749123176981e-005	-4.551749e+000	1.587237e+000
8.594385919598160e-005	-4.594386e+000	1.614525e+000
8.637022716019339e-005	-4.637023e+000	1.641535e+000
8.679659512440517e-005	-4.679660e+000	1.668266e+000
8.722296308861697e-005	-4.722296e+000	1.694718e+000
8.756532212292319e-005	-4.756532e+000	1.715750e+000
8.790768115722940e-005	-4.790768e+000	1.736579e+000
8.825004019153562e-005	-4.825004e+000	1.757205e+000
8.859239922584183e-005	-4.859240e+000	1.777628e+000
8.893475826014806e-005	-4.893476e+000	1.797847e+000
8.927711729445427e-005	-4.927712e+000	1.817864e+000
8.961947632876049e-005	-4.961947e+000	1.837677e+000
8.976021649435114e-005	-4.978318e+000	1.845792e+000
8.990095665994179e-005	-4.988164e+000	1.853866e+000
9.004169682553244e-005	-4.991487e+000	1.861898e+000
9.018243699112311e-005	-4.988285e+000	1.869890e+000
9.032317715671376e-005	-4.978559e+000	1.877841e+000
9.046391732230441e-005	-4.962309e+000	1.885750e+000
9.060465748789506e-005	-4.939534e+000	1.893619e+000
9.095895524209161e-005	-4.904105e+000	1.913291e+000
9.131325299628816e-005	-4.868675e+000	1.932729e+000
9.166755075048470e-005	-4.833245e+000	1.951931e+000
9.202184850468124e-005	-4.797815e+000	1.970899e+000
9.237614625887778e-005	-4.762386e+000	1.989631e+000
9.273044401307433e-005	-4.726956e+000	2.008128e+000
9.308474176727088e-005	-4.691526e+000	2.026390e+000
9.338159354239788e-005	-4.661841e+000	2.041485e+000
9.367844531752489e-005	-4.632156e+000	2.056407e+000
9.397529709265189e-005	-4.602470e+000	2.071155e+000
9.427214886777891e-005	-4.572785e+000	2.085731e+000
9.456900064290592e-005	-4.543100e+000	2.100134e+000
9.486585241803292e-005	-4.513415e+000	2.114364e+000
9.516270419315993e-005	-4.483729e+000	2.128421e+000
9.816660909379581e-005	-4.183339e+000	2.260160e+000
9.842852208039641e-005	-4.157148e+000	2.270721e+000
9.869043506699702e-005	-4.130957e+000	2.281133e+000
9.895234805359762e-005	-4.104765e+000	2.291398e+000
9.921426104019824e-005	-4.078574e+000	2.301515e+000
9.947617402679884e-005	-4.052383e+000	2.311484e+000
9.973808701339944e-005	-4.026191e+000	2.321306e+000
1.000000000000001e-004	-4.000000e+000	2.330979e+000
1.002987129685369e-004	-3.970129e+000	2.341791e+000
1.005974259370738e-004	-3.940258e+000	2.352403e+000
1.008961389056107e-004	-3.910386e+000	2.362815e+000
1.011948518741475e-004	-3.880515e+000	2.373027e+000
1.014935648426844e-004	-3.850644e+000	2.383039e+000
1.017922778112213e-004	-3.820772e+000	2.392852e+000
1.020909907797581e-004	-3.790901e+000	2.402464e+000
1.023886638536692e-004	-3.761134e+000	2.411813e+000
1.026863369275804e-004	-3.731366e+000	2.420956e+000
1.029840100014915e-004	-3.701599e+000	2.429895e+000
1.032816830754026e-004	-3.671832e+000	2.438629e+000
1.035793561493137e-004	-3.642064e+000	2.447158e+000
1.038770292232248e-004	-3.612297e+000	2.455482e+000
1.041747022971359e-004	-3.582530e+000	2.463601e+000
1.045783162546879e-004	-3.542168e+000	2.474247e+000
1.049819302122399e-004	-3.501807e+000	2.484503e+000
1.053855441697919e-004	-3.461446e+000	2.494370e+000
1.057891581273439e-004	-3.421084e+000	2.503848e+000
1.061927720848959e-004	-3.380723e+000	2.512935e+000
1.065963860424479e-004	-3.340361e+000	2.521633e+000
1.069999999999999e-004	-3.300000e+000	2.529942e+000
1.090763285983005e-004	-3.092367e+000	2.566222e+000
1.093650960279469e-004	-3.063490e+000	2.570412e+000
1.096538634575932e-004	-3.034614e+000	2.574397e+000
1.099426308872395e-004	-3.005737e+000	2.578176e+000
1.102313983168858e-004	-2.976860e+000	2.581751e+000
1.105201657465321e-004	-2.947984e+000	2.585120e+000
1.108089331761785e-004	-2.919107e+000	2.588284e+000
1.110977006058248e-004	-2.890230e+000	2.591244e+000
1.119999999999999e-004	-2.800000e+000	2.599118e+000
1.121517897696754e-004	-2.784821e+000	2.600202e+000
1.123035795393508e-004	-2.769642e+000	2.601239e+000
1.124553693090262e-004	-2.754463e+000	2.602230e+000
1.126071590787017e-004	-2.739284e+000	2.603175e+000
1.127589488483771e-004	-2.724105e+000	2.604073e+000
1.129107386180526e-004	-2.708926e+000	2.604924e+000
1.130625283877280e-004	-2.693747e+000	2.605729e+000
1.140000000000000e-004	-2.600000e+000	2.609208e+000
1.150000000000001e-004	-2.500000e+000	2.610445e+000
1.169999999999999e-004	-2.300000e+000	2.605322e+000
1.174577777777800e-004	-2.254222e+000	2.602673e+000
1.177777777777781e-004	-2.222222e+000	2.600542e+000
1.180000000000001e-004	-2.200000e+000	2.598956e+000
1.190000000000000e-004	-2.100000e+000	2.590068e+000
1.199999999999999e-004	-2.000000e+000	2.578659e+000
1.201771380066458e-004	-1.982286e+000	2.576374e+000
1.201772813221851e-004	-1.982272e+000	2.576373e+000
1.201775679532638e-004	-1.982243e+000	2.576369e+000
1.201777134965903e-004	-1.982229e+000	2.576367e+000
1.201778643904836e-004	-1.982214e+000	2.576365e+000
1.201780457559096e-004	-1.982195e+000	2.576363e+000
1.201780772731528e-004	-1.982192e+000	2.576362e+000
1.201781132928596e-004	-1.982189e+000	2.576362e+000
1.201781286479817e-004	-1.982187e+000	2.576361e+000
1.201781368881745e-004	-1.982186e+000	2.576361e+000
1.201781409345159e-004	-1.982186e+000	2.576361e+000
1.201781466933173e-004	-1.982185e+000	2.576361e+000
1.201781495334213e-004	-1.982185e+000	2.576361e+000
1.201781537389925e-004	-1.982185e+000	2.576361e+000
1.201781579873466e-004	-1.982184e+000	2.576361e+000
1.201781664840545e-004	-1.982183e+000	2.576361e+000
1.201781834774703e-004	-1.982182e+000	2.576361e+000
1.201782174643019e-004	-1.982178e+000	2.576360e+000
1.201782854379652e-004	-1.982171e+000	2.576359e+000
1.201783910154907e-004	-1.982161e+000	2.576358e+000
1.201785052712024e-004	-1.982149e+000	2.576356e+000
1.201786557276513e-004	-1.982134e+000	2.576355e+000
1.201788362079337e-004	-1.982116e+000	2.576352e+000
1.201790697116752e-004	-1.982093e+000	2.576349e+000
1.201793454917329e-004	-1.982065e+000	2.576345e+000
1.201796847400195e-004	-1.982032e+000	2.576341e+000
1.201800900862383e-004	-1.981991e+000	2.576336e+000
1.201812199938129e-004	-1.981878e+000	2.576321e+000
1.201830487055611e-004	-1.981695e+000	2.576297e+000
1.201843731755581e-004	-1.981563e+000	2.576279e+000
1.201861071113066e-004	-1.981389e+000	2.576257e+000
1.201883992049554e-004	-1.981160e+000	2.576227e+000
1.201914753053027e-004	-1.980852e+000	2.576186e+000
1.201956632893707e-004	-1.980434e+000	2.576131e+000
1.202001158547702e-004	-1.979988e+000	2.576072e+000
1.202051463332671e-004	-1.979485e+000	2.576006e+000
1.202105198963045e-004	-1.978948e+000	2.575935e+000
1.202168007351683e-004	-1.978320e+000	2.575852e+000
1.202237838132305e-004	-1.977622e+000	2.575760e+000
1.202321034553889e-004	-1.976790e+000	2.575650e+000
1.202424145509697e-004	-1.975759e+000	2.575513e+000
1.202572816339782e-004	-1.974272e+000	2.575315e+000
1.202792107797535e-004	-1.972079e+000	2.575023e+000
1.202966372536474e-004	-1.970336e+000	2.574790e+000
1.203140345069820e-004	-1.968597e+000	2.574556e+000
1.203338188791303e-004	-1.966618e+000	2.574289e+000
1.203562158013664e-004	-1.964378e+000	2.573986e+000
1.203786470518142e-004	-1.962135e+000	2.573681e+000
1.204049303184906e-004	-1.959507e+000	2.573323e+000
1.204431318943848e-004	-1.955687e+000	2.572798e+000
1.204737515898191e-004	-1.952625e+000	2.572375e+000
1.205070814710614e-004	-1.949292e+000	2.571912e+000
1.205395167211696e-004	-1.946048e+000	2.571458e+000
1.205903969431058e-004	-1.940960e+000	2.570741e+000
1.206331101390374e-004	-1.936689e+000	2.570135e+000
1.206966592551312e-004	-1.930334e+000	2.569223e+000
1.207550208541092e-004	-1.924498e+000	2.568377e+000
1.208383867688373e-004	-1.916161e+000	2.567153e+000
1.209318712110095e-004	-1.906813e+000	2.565767e+000
1.209363013389181e-004	-1.906370e+000	2.565700e+000
1.209423136553655e-004	-1.905769e+000	2.565610e+000
1.209483259718129e-004	-1.905167e+000	2.565520e+000
1.209543382882603e-004	-1.904566e+000	2.565429e+000
1.209603506047077e-004	-1.903965e+000	2.565339e+000
1.209663629211551e-004	-1.903364e+000	2.565248e+000
1.209723752376025e-004	-1.902762e+000	2.565157e+000
1.209783875540499e-004	-1.902161e+000	2.565066e+000
1.210000000000000e-004	-1.900000e+000	2.564739e+000
1.210106323069808e-004	-1.898937e+000	2.564578e+000
1.210248087162886e-004	-1.897519e+000	2.564362e+000
1.210531615349038e-004	-1.894684e+000	2.563928e+000
1.211098671721343e-004	-1.889013e+000	2.563053e+000
1.212232784465954e-004	-1.877672e+000	2.561275e+000
1.214404971327427e-004	-1.855950e+000	2.557775e+000
1.217370815250376e-004	-1.826292e+000	2.552832e+000
1.219999999999999e-004	-1.800000e+000	2.548323e+000
1.220536879922940e-004	-1.794631e+000	2.547365e+000
1.221610639768821e-004	-1.783894e+000	2.545429e+000
1.223758159460582e-004	-1.762418e+000	2.541451e+000
1.228053198844106e-004	-1.719468e+000	2.533242e+000
1.230000000000001e-004	-1.700000e+000	2.529421e+000
1.231728040306781e-004	-1.682720e+000	2.525885e+000
1.234032094049157e-004	-1.659679e+000	2.521033e+000
1.238640201533909e-004	-1.613598e+000	2.511064e+000
1.240000000000000e-004	-1.600000e+000	2.508054e+000
1.241696120251911e-004	-1.583039e+000	2.504167e+000
1.243957613921124e-004	-1.560424e+000	2.498856e+000
1.248480601259551e-004	-1.515194e+000	2.487973e+000
1.249999999999999e-004	-1.500000e+000	2.484241e+000
1.251902807723672e-004	-1.480972e+000	2.479411e+000
1.254439884688572e-004	-1.455601e+000	2.472810e+000
1.259514038618368e-004	-1.404860e+000	2.459321e+000
1.260720820606927e-004	-1.392792e+000	2.456011e+000
1.262162461820784e-004	-1.378375e+000	2.451985e+000
1.265045744248494e-004	-1.349542e+000	2.443766e+000
1.269999999999999e-004	-1.300000e+000	2.429370e+000
1.274036595398794e-004	-1.259634e+000	2.417073e+000
1.280000000000001e-004	-1.200000e+000	2.398366e+000
1.286458552638074e-004	-1.135414e+000	2.377013e+000
1.290738120301495e-004	-1.092619e+000	2.362452e+000
1.300590496241193e-004	-9.940950e-001	2.327175e+000
1.304878235085449e-004	-9.512176e-001	2.311108e+000
1.309165973929705e-004	-9.083403e-001	2.294637e+000
1.313453712773961e-004	-8.654629e-001	2.277764e+000
1.317741451618217e-004	-8.225855e-001	2.260488e+000
1.322029190462473e-004	-7.797081e-001	2.242809e+000
1.326316929306729e-004	-7.368307e-001	2.224728e+000
1.330604668150985e-004	-6.939533e-001	2.206243e+000
1.334232677056887e-004	-6.576732e-001	2.190262e+000
1.336508036507938e-004	-6.349196e-001	2.180133e+000
1.337279988264902e-004	-6.272001e-001	2.176673e+000
1.337292910667210e-004	-6.270709e-001	2.176615e+000
1.338325768993713e-004	-6.167423e-001	2.171954e+000
1.338383686339557e-004	-6.161631e-001	2.171692e+000
1.338399257875909e-004	-6.160074e-001	2.171622e+000
1.338406573134679e-004	-6.159343e-001	2.171588e+000
1.338409362499377e-004	-6.159064e-001	2.171576e+000
1.338410581784898e-004	-6.158942e-001	2.171570e+000
1.338411685782310e-004	-6.158832e-001	2.171565e+000
1.338412216764389e-004	-6.158778e-001	2.171563e+000
1.338412831730868e-004	-6.158717e-001	2.171560e+000
1.338413499059725e-004	-6.158650e-001	2.171557e+000
1.338414749201464e-004	-6.158525e-001	2.171551e+000
1.338416070784528e-004	-6.158393e-001	2.171546e+000
1.338418301364457e-004	-6.158170e-001	2.171535e+000
1.338421191775221e-004	-6.157881e-001	2.171522e+000
1.338461657525930e-004	-6.153834e-001	2.171339e+000
1.338507904098168e-004	-6.149210e-001	2.171130e+000
1.338600397242644e-004	-6.139960e-001	2.170711e+000
1.338758242160653e-004	-6.124176e-001	2.169996e+000
1.338929396504669e-004	-6.107060e-001	2.169219e+000
1.339131292555629e-004	-6.086871e-001	2.168303e+000
1.339364505511516e-004	-6.063550e-001	2.167243e+000
1.339742976452960e-004	-6.025702e-001	2.165521e+000
1.340052130253358e-004	-5.994787e-001	2.164113e+000
1.340364911773505e-004	-5.963509e-001	2.162685e+000
1.340781953800365e-004	-5.921805e-001	2.160777e+000
1.341583959588589e-004	-5.841604e-001	2.157098e+000
1.342522751204807e-004	-5.747725e-001	2.152776e+000
1.343666253768934e-004	-5.633374e-001	2.147483e+000
1.345325876326174e-004	-5.467412e-001	2.139747e+000
1.347869530403964e-004	-5.213047e-001	2.127791e+000
1.349999999999999e-004	-5.000000e-001	2.117706e+000
1.350822292562985e-004	-4.917771e-001	2.113774e+000
1.351918682646967e-004	-4.808132e-001	2.108505e+000
1.354111462814930e-004	-4.588854e-001	2.097874e+000
1.360877112067185e-004	-3.912289e-001	2.064605e+000
1.366139784470294e-004	-3.386022e-001	2.037995e+000
1.372105068961243e-004	-2.789493e-001	2.007278e+000
1.375559650437863e-004	-2.444035e-001	1.989145e+000
1.379014231914482e-004	-2.098577e-001	1.970779e+000
1.382468813391102e-004	-1.753119e-001	1.952182e+000
1.385923394867722e-004	-1.407661e-001	1.933353e+000
1.389377976344342e-004	-1.062202e-001	1.914292e+000
1.392832557820961e-004	-7.167442e-002	1.894999e+000
1.396287139297581e-004	-3.712861e-002	1.875475e+000
1.399999999999999e-004	-1.776357e-014	1.854336e+000
1.404394341981693e-004	4.394343e-002	1.828895e+000
1.408788683963386e-004	8.788685e-002	1.803124e+000
1.413183025945080e-004	1.318303e-001	1.777021e+000
1.417577367926773e-004	1.757737e-001	1.750587e+000
1.421971709908467e-004	2.197171e-001	1.723822e+000
1.426366051890160e-004	2.636605e-001	1.696726e+000
1.430760393871854e-004	3.076039e-001	1.669298e+000
1.435271184743638e-004	3.527118e-001	1.640799e+000
1.439781975615421e-004	3.978197e-001	1.611986e+000
1.444292766487205e-004	4.429277e-001	1.582861e+000
1.448803557358989e-004	4.880356e-001	1.553423e+000
1.453314348230773e-004	5.331435e-001	1.523671e+000
1.457825139102557e-004	5.782514e-001	1.493607e+000
1.462335929974341e-004	6.233593e-001	1.463231e+000
1.465001749043109e-004	6.500175e-001	1.445145e+000
1.467667568111877e-004	6.766757e-001	1.426962e+000
1.470333387180645e-004	7.033339e-001	1.408681e+000
1.472999206249413e-004	7.299920e-001	1.390303e+000
1.475665025318181e-004	7.566502e-001	1.371828e+000
1.478330844386949e-004	7.833084e-001	1.353255e+000
1.480996663455717e-004	8.099666e-001	1.334584e+000
1.490000000000000e-004	9.000000e-001	1.270851e+000
1.492391992293724e-004	9.239199e-001	1.253725e+000
1.495581315352022e-004	9.558132e-001	1.230779e+000
1.500637864611659e-004	1.006379e+000	1.194228e+000
1.501913593834978e-004	1.019136e+000	1.184940e+000
1.504465052281617e-004	1.044651e+000	1.166297e+000
1.509999999999999e-004	1.100000e+000	1.125694e+000
1.510864061650210e-004	1.108641e+000	1.119311e+000
1.512592184950634e-004	1.125922e+000	1.106522e+000
1.516048431551480e-004	1.160484e+000	1.080853e+000
1.520000000000000e-004	1.200000e+000	1.051407e+000
1.520691249320169e-004	1.206913e+000	1.046229e+000
1.522073747960507e-004	1.220737e+000	1.035858e+000
1.524838745241184e-004	1.248387e+000	1.015047e+000
1.529999999999999e-004	1.300000e+000	9.760806e-001
1.531428571428571e-004	1.314286e+000	9.652270e-001
1.532857142857143e-004	1.328571e+000	9.543581e-001
1.534285714285714e-004	1.342857e+000	9.434741e-001
1.535714285714286e-004	1.357143e+000	9.325748e-001
1.537142857142857e-004	1.371429e+000	9.216603e-001
1.538571428571429e-004	1.385714e+000	9.107305e-001
1.540000000000001e-004	1.400000e+000	8.997856e-001
1.542654397389449e-004	1.426544e+000	8.793637e-001
1.546193593908716e-004	1.461936e+000	8.520470e-001
1.550000000000000e-004	1.500000e+000	8.225939e-001
1.552123517911559e-004	1.521235e+000	8.060846e-001
1.554954875126972e-004	1.549549e+000	7.840098e-001
1.560566271443082e-004	1.605663e+000	7.401417e-001
1.566199661236927e-004	1.661997e+000	6.958018e-001
1.571833051030773e-004	1.718330e+000	6.512767e-001
1.577466440824618e-004	1.774664e+000	6.065666e-001
1.583099830618463e-004	1.830998e+000	5.616715e-001
1.588733220412309e-004	1.887332e+000	5.165913e-001
1.594366610206154e-004	1.943666e+000	4.713261e-001
1.600000000000000e-004	2.000000e+000	4.258759e-001
1.603450921501845e-004	2.034509e+000	3.979732e-001
1.606901843003689e-004	2.069019e+000	3.700307e-001
1.610352764505534e-004	2.103528e+000	3.420482e-001
1.613803686007378e-004	2.138037e+000	3.140258e-001
1.617254607509223e-004	2.172546e+000	2.859635e-001
1.620705529011067e-004	2.207055e+000	2.578612e-001
1.624156450512912e-004	2.241565e+000	2.297191e-001
1.628456415486099e-004	2.284564e+000	1.946098e-001
1.632756380459286e-004	2.327564e+000	1.594774e-001
1.637056345432473e-004	2.370564e+000	1.243219e-001
1.641356310405660e-004	2.413563e+000	8.914323e-002
1.645656275378847e-004	2.456563e+000	5.394143e-002
1.649956240352035e-004	2.499562e+000	1.871648e-002
1.654256205325222e-004	2.542562e+000	-1.653161e-002
1.656505318850190e-004	2.565053e+000	-3.496171e-002
1.658754432375158e-004	2.587544e+000	-5.338897e-002
1.661003545900127e-004	2.610036e+000	-7.181341e-002
1.663252659425095e-004	2.632527e+000	-9.023502e-002
1.665501772950064e-004	2.655018e+000	-1.086538e-001
1.667750886475032e-004	2.677509e+000	-1.270698e-001
1.670000000000001e-004	2.700000e+000	-1.454829e-001
1.670778277545184e-004	2.707783e+000	-1.518515e-001
1.679537855398582e-004	2.795379e+000	-2.236057e-001
1.688297433251980e-004	2.882974e+000	-2.950730e-001
1.697057011105378e-004	2.970570e+000	-3.662533e-001
1.705816588958776e-004	3.058166e+000	-4.371466e-001
1.714576166812174e-004	3.145762e+000	-5.077530e-001
1.723335744665572e-004	3.233357e+000	-5.780724e-001
1.732095322518970e-004	3.320953e+000	-6.481048e-001
1.736796908436068e-004	3.367969e+000	-6.854543e-001
1.741498494353167e-004	3.414985e+000	-7.226375e-001
1.746200080270266e-004	3.462001e+000	-7.596543e-001
1.750901666187364e-004	3.509017e+000	-7.965048e-001
1.755603252104463e-004	3.556032e+000	-8.331889e-001
1.760304838021561e-004	3.603048e+000	-8.697067e-001
1.765006423938660e-004	3.650064e+000	-9.060581e-001
1.771634955824511e-004	3.716350e+000	-9.570265e-001
1.778263487710362e-004	3.782635e+000	-1.007537e+000
1.784892019596213e-004	3.848920e+000	-1.057589e+000
1.791520551482064e-004	3.915206e+000	-1.107183e+000
1.798149083367916e-004	3.981491e+000	-1.156318e+000
1.804777615253767e-004	4.047776e+000	-1.204996e+000
1.811406147139618e-004	4.114061e+000	-1.253215e+000
1.812698412698415e-004	4.126984e+000	-1.262540e+000
1.814557820142197e-004	4.145578e+000	-1.275925e+000
1.816374824062108e-004	4.163748e+000	-1.288967e+000
1.819245097559113e-004	4.192451e+000	-1.309486e+000
1.822115371056118e-004	4.221154e+000	-1.329898e+000
1.824985644553123e-004	4.249856e+000	-1.350203e+000
1.827855918050129e-004	4.278559e+000	-1.370399e+000
1.830726191547134e-004	4.307262e+000	-1.390488e+000
1.833596465044139e-004	4.335965e+000	-1.410470e+000
1.836466738541144e-004	4.364667e+000	-1.430344e+000
1.836486922101972e-004	4.364869e+000	-1.430483e+000
1.836499286778917e-004	4.364993e+000	-1.430569e+000
1.836515070309862e-004	4.365151e+000	-1.430678e+000
1.836541715186533e-004	4.365417e+000	-1.430861e+000
1.836571746618523e-004	4.365717e+000	-1.431069e+000
1.836575285902062e-004	4.365753e+000	-1.431093e+000
1.836582364469137e-004	4.365824e+000	-1.431142e+000
1.836582563062850e-004	4.365826e+000	-1.431143e+000
1.836582960250278e-004	4.365829e+000	-1.431146e+000
1.836583754625135e-004	4.365838e+000	-1.431152e+000
1.836585343374846e-004	4.365853e+000	-1.431162e+000
1.836586921485210e-004	4.365869e+000	-1.431173e+000
1.836588662949322e-004	4.365887e+000	-1.431185e+000
1.836590405545186e-004	4.365904e+000	-1.431197e+000
1.836592388479413e-004	4.365924e+000	-1.431211e+000
1.836594479549373e-004	4.365945e+000	-1.431226e+000
1.836597374325834e-004	4.365974e+000	-1.431246e+000
1.836600579980072e-004	4.366006e+000	-1.431268e+000
1.836605084865996e-004	4.366051e+000	-1.431299e+000
1.836610225309221e-004	4.366102e+000	-1.431334e+000
1.836617563324139e-004	4.366176e+000	-1.431385e+000
1.836638955927839e-004	4.366390e+000	-1.431532e+000
1.836654763501429e-004	4.366548e+000	-1.431641e+000
1.836677961715837e-004	4.366780e+000	-1.431802e+000
1.836708487204979e-004	4.367085e+000	-1.432012e+000
1.836754293854633e-004	4.367543e+000	-1.432328e+000
1.836818009984490e-004	4.368180e+000	-1.432768e+000
1.836897798275377e-004	4.368978e+000	-1.433318e+000
1.836990457685871e-004	4.369905e+000	-1.433957e+000
1.837108425290031e-004	4.371084e+000	-1.434770e+000
1.837261126779719e-004	4.372611e+000	-1.435822e+000
1.837479890604886e-004	4.374799e+000	-1.437329e+000
1.837807570825942e-004	4.378076e+000	-1.439586e+000
1.838083788757554e-004	4.380838e+000	-1.441487e+000
1.838363881806200e-004	4.383639e+000	-1.443413e+000
1.838666950573819e-004	4.386670e+000	-1.445496e+000
1.839038951642876e-004	4.390389e+000	-1.448051e+000
1.839460550926342e-004	4.394606e+000	-1.450944e+000
1.839922896163637e-004	4.399229e+000	-1.454115e+000
1.839999999999999e-004	4.400000e+000	-1.454644e+000
1.840049359703201e-004	4.400494e+000	-1.454982e+000
1.840148079109605e-004	4.401481e+000	-1.455658e+000
1.840345517922413e-004	4.403455e+000	-1.457011e+000
1.841530150799263e-004	4.415301e+000	-1.465111e+000
1.842320816878742e-004	4.423208e+000	-1.470505e+000
1.843831730614300e-004	4.438317e+000	-1.480789e+000
1.845359240814327e-004	4.453592e+000	-1.491156e+000
1.847097201359109e-004	4.470972e+000	-1.502908e+000
1.849000100729147e-004	4.490001e+000	-1.515734e+000
1.850171851331772e-004	4.501719e+000	-1.523608e+000
1.851202959322403e-004	4.512030e+000	-1.530512e+000
1.852577769976575e-004	4.525778e+000	-1.539686e+000
1.855327391284921e-004	4.553274e+000	-1.557936e+000
1.860000000000000e-004	4.600000e+000	-1.588794e+000
1.860549924261668e-004	4.605499e+000	-1.592394e+000
1.861649772785007e-004	4.616498e+000	-1.599580e+000
1.863849469831683e-004	4.638494e+000	-1.613883e+000
1.868248863925036e-004	4.682488e+000	-1.642327e+000
1.869999999999999e-004	4.700000e+000	-1.653590e+000
1.871946478195388e-004	4.719465e+000	-1.666002e+000
1.874541782455907e-004	4.745418e+000	-1.682436e+000
1.880000000000000e-004	4.800000e+000	-1.716782e+000
1.881605654138333e-004	4.816057e+000	-1.726764e+000
1.883746526322777e-004	4.837465e+000	-1.739992e+000
1.888028270691665e-004	4.880283e+000	-1.766276e+000
1.890856348873778e-004	4.908564e+000	-1.783489e+000
1.895994442116442e-004	4.959944e+000	-1.814303e+000
1.897464021831138e-004	4.977231e+000	-1.823073e+000
1.898933601545833e-004	4.987672e+000	-1.831798e+000
1.900403181260529e-004	4.991267e+000	-1.840478e+000
1.901872760975225e-004	4.988016e+000	-1.849114e+000
1.903342340689921e-004	4.977918e+000	-1.857705e+000
1.904811920404617e-004	4.960975e+000	-1.866251e+000
1.906281500119312e-004	4.937185e+000	-1.874752e+000
1.909798777978670e-004	4.902012e+000	-1.894965e+000
1.913316055838027e-004	4.866839e+000	-1.914946e+000
1.916833333697385e-004	4.831667e+000	-1.934694e+000
1.920350611556742e-004	4.796494e+000	-1.954210e+000
1.923867889416099e-004	4.761321e+000	-1.973493e+000
1.927385167275457e-004	4.726148e+000	-1.992545e+000
1.930902445134814e-004	4.690976e+000	-2.011364e+000
1.936577921623202e-004	4.634221e+000	-2.041214e+000
1.942253398111589e-004	4.577466e+000	-2.070405e+000
1.947928874599976e-004	4.520711e+000	-2.098937e+000
1.953604351088363e-004	4.463956e+000	-2.126809e+000
1.959279827576750e-004	4.407202e+000	-2.154022e+000
1.964955304065138e-004	4.350447e+000	-2.180576e+000
1.970630780553525e-004	4.293692e+000	-2.206470e+000
1.971428671428573e-004	4.285713e+000	-2.210051e+000
1.971830753711525e-004	4.281693e+000	-2.211852e+000
1.971836680012167e-004	4.281633e+000	-2.211878e+000
1.972998793970400e-004	4.270012e+000	-2.217059e+000
1.973054350336079e-004	4.269456e+000	-2.217306e+000
1.973082271358995e-004	4.269177e+000	-2.217430e+000
1.973091569969099e-004	4.269084e+000	-2.217471e+000
1.973095790523795e-004	4.269042e+000	-2.217490e+000
1.973098707495622e-004	4.269013e+000	-2.217503e+000
1.973100279381661e-004	4.268997e+000	-2.217510e+000
1.973102138063999e-004	4.268979e+000	-2.217518e+000
1.973104194685602e-004	4.268958e+000	-2.217527e+000
1.973132987388038e-004	4.268670e+000	-2.217655e+000
1.973165893333683e-004	4.268341e+000	-2.217801e+000
1.973231705224969e-004	4.267683e+000	-2.218094e+000
1.973363329007541e-004	4.266366e+000	-2.218678e+000
1.973500896547543e-004	4.264991e+000	-2.219288e+000
1.973651020617450e-004	4.263490e+000	-2.219954e+000
1.973971054901136e-004	4.260290e+000	-2.221370e+000
1.974408547493383e-004	4.255915e+000	-2.223304e+000
1.974867459421722e-004	4.251326e+000	-2.225327e+000
1.975125123485737e-004	4.248749e+000	-2.226462e+000
1.975462015765758e-004	4.245380e+000	-2.227942e+000
1.975898689317427e-004	4.241013e+000	-2.229857e+000
1.976487820942716e-004	4.235122e+000	-2.232435e+000
1.977195099489952e-004	4.228049e+000	-2.235519e+000
1.978013138070292e-004	4.219869e+000	-2.239069e+000
1.979649215230971e-004	4.203508e+000	-2.246139e+000
1.980000000000000e-004	4.200000e+000	-2.247649e+000
1.980544050704637e-004	4.194560e+000	-2.249980e+000
1.981269451644153e-004	4.187305e+000	-2.253075e+000
1.982720253523185e-004	4.172798e+000	-2.259222e+000
1.985621857281252e-004	4.143782e+000	-2.271387e+000
1.988668366299481e-004	4.113317e+000	-2.284011e+000
1.990396290318915e-004	4.096037e+000	-2.291084e+000
1.992774032232414e-004	4.072260e+000	-2.300654e+000
2.000634064510266e-004	3.993659e+000	-2.331493e+000
2.011866193208348e-004	3.881338e+000	-2.373177e+000
2.023098321906431e-004	3.769017e+000	-2.411831e+000
2.034330450604513e-004	3.656696e+000	-2.447454e+000
2.045562579302596e-004	3.544374e+000	-2.480047e+000
2.056794708000679e-004	3.432053e+000	-2.509609e+000
2.068026836698761e-004	3.319732e+000	-2.536140e+000
2.079258965396844e-004	3.207410e+000	-2.559641e+000
2.096450541768202e-004	3.035495e+000	-2.589393e+000
2.113642118139560e-004	2.863579e+000	-2.611550e+000
2.130833694510919e-004	2.691663e+000	-2.626114e+000
2.148025270882277e-004	2.519747e+000	-2.633085e+000
2.165216847253636e-004	2.347832e+000	-2.632461e+000
2.182408423624994e-004	2.175916e+000	-2.624244e+000
2.199599999996352e-004	2.004000e+000	-2.608432e+000
2.213156221736256e-004	1.868438e+000	-2.590457e+000
2.226712443476160e-004	1.732876e+000	-2.567921e+000
2.240268665216064e-004	1.597313e+000	-2.540825e+000
2.253824886955967e-004	1.461751e+000	-2.509169e+000
2.267381108695871e-004	1.326189e+000	-2.472953e+000
2.280937330435775e-004	1.190627e+000	-2.432176e+000
2.294493552175679e-004	1.055064e+000	-2.386840e+000
2.307704546164767e-004	9.229545e-001	-2.338446e+000
2.320915540153855e-004	7.908446e-001	-2.286257e+000
2.334126534142944e-004	6.587346e-001	-2.230274e+000
2.347337528132032e-004	5.266247e-001	-2.170497e+000
2.360548522121121e-004	3.945148e-001	-2.106925e+000
2.373759516110209e-004	2.624048e-001	-2.039559e+000
2.386970510099297e-004	1.302949e-001	-1.968398e+000
2.400000000000000e-004	1.776357e-014	-1.895227e+000
2.406388571773999e-004	-6.388572e-002	-1.858104e+000
2.412777143547997e-004	-1.277714e-001	-1.820269e+000
2.419165715321996e-004	-1.916572e-001	-1.781722e+000
2.425554287095995e-004	-2.555429e-001	-1.742463e+000
2.431942858869994e-004	-3.194286e-001	-1.702492e+000
2.438331430643992e-004	-3.833143e-001	-1.661808e+000
2.444720002417991e-004	-4.472000e-001	-1.620413e+000
2.447619047619050e-004	-4.761905e-001	-1.601443e+000
2.449080043629712e-004	-4.908004e-001	-1.591837e+000
2.450000000000000e-004	-5.000000e-001	-1.585770e+000
2.453039207641444e-004	-5.303921e-001	-1.565604e+000
2.456078415282887e-004	-5.607842e-001	-1.545300e+000
2.459117622924331e-004	-5.911763e-001	-1.524858e+000
2.462156830565775e-004	-6.215683e-001	-1.504278e+000
2.465196038207219e-004	-6.519604e-001	-1.483560e+000
2.468235245848663e-004	-6.823525e-001	-1.462704e+000
2.471274453490107e-004	-7.127445e-001	-1.441710e+000
2.471345256461780e-004	-7.134526e-001	-1.441219e+000
2.471385571467773e-004	-7.138557e-001	-1.440940e+000
2.471409145163490e-004	-7.140915e-001	-1.440776e+000
2.471439592878941e-004	-7.143959e-001	-1.440565e+000
2.471467597731617e-004	-7.146760e-001	-1.440371e+000
2.471473507712179e-004	-7.147351e-001	-1.440330e+000
2.471477712330653e-004	-7.147771e-001	-1.440301e+000
2.471481867004758e-004	-7.148187e-001	-1.440272e+000
2.471483968394437e-004	-7.148397e-001	-1.440258e+000
2.471486013292214e-004	-7.148601e-001	-1.440244e+000
2.471490110384986e-004	-7.149011e-001	-1.440215e+000
2.471497459656739e-004	-7.149746e-001	-1.440164e+000
2.471514866248254e-004	-7.151487e-001	-1.440044e+000
2.471534491908275e-004	-7.153449e-001	-1.439907e+000
2.471566775253040e-004	-7.156677e-001	-1.439684e+000
2.471622850759216e-004	-7.162285e-001	-1.439295e+000
2.471683235997775e-004	-7.168323e-001	-1.438876e+000
2.471754085769510e-004	-7.175409e-001	-1.438385e+000
2.471826736351892e-004	-7.182674e-001	-1.437881e+000
2.471912199939245e-004	-7.191220e-001	-1.437288e+000
2.472010441663618e-004	-7.201044e-001	-1.436606e+000
2.472136919827090e-004	-7.213692e-001	-1.435728e+000
2.472298192971439e-004	-7.229819e-001	-1.434608e+000
2.472532052787636e-004	-7.253205e-001	-1.432984e+000
2.472711290082779e-004	-7.271129e-001	-1.431739e+000
2.472884962558995e-004	-7.288496e-001	-1.430532e+000
2.473089840797668e-004	-7.308984e-001	-1.429107e+000
2.473291379677953e-004	-7.329138e-001	-1.427705e+000
2.473541389518218e-004	-7.354139e-001	-1.425964e+000
2.473849513068057e-004	-7.384951e-001	-1.423819e+000
2.474117636163322e-004	-7.411764e-001	-1.421951e+000
2.474401455860064e-004	-7.440146e-001	-1.419972e+000
2.474760924025606e-004	-7.476093e-001	-1.417464e+000
2.475131397252368e-004	-7.513140e-001	-1.414877e+000
2.475730416101943e-004	-7.573041e-001	-1.410690e+000
2.476279647833392e-004	-7.627965e-001	-1.406848e+000
2.476935260197597e-004	-7.693526e-001	-1.402255e+000
2.477754242278842e-004	-7.775424e-001	-1.396509e+000
2.478682996767405e-004	-7.868299e-001	-1.389982e+000
2.479599279986977e-004	-7.959928e-001	-1.383532e+000
2.480000000000000e-004	-8.000000e-001	-1.380709e+000
2.480159441445161e-004	-8.015944e-001	-1.379584e+000
2.480478324335487e-004	-8.047832e-001	-1.377333e+000
2.481116090116136e-004	-8.111609e-001	-1.372827e+000
2.482391621677436e-004	-8.239162e-001	-1.363793e+000
2.484942684800034e-004	-8.494269e-001	-1.345645e+000
2.489841382513148e-004	-8.984138e-001	-1.310650e+000
2.490951704921121e-004	-9.095170e-001	-1.302665e+000
2.492220644815949e-004	-9.222065e-001	-1.293512e+000
2.494758524605603e-004	-9.475852e-001	-1.275130e+000
2.499834284184913e-004	-9.983428e-001	-1.238219e+000
2.500331431630175e-004	-1.003314e+000	-1.234584e+000
2.500994294890523e-004	-1.009943e+000	-1.229729e+000
2.502320021411221e-004	-1.023200e+000	-1.219998e+000
2.504971474452617e-004	-1.049715e+000	-1.200460e+000
2.509999999999999e-004	-1.100000e+000	-1.163271e+000
2.511590871824836e-004	-1.115909e+000	-1.151423e+000
2.513712034257953e-004	-1.137120e+000	-1.135572e+000
2.517895073699456e-004	-1.178951e+000	-1.104201e+000
2.520000000000001e-004	-1.200000e+000	-1.088366e+000
2.520451687053752e-004	-1.204517e+000	-1.084955e+000
2.521355061161255e-004	-1.213551e+000	-1.078125e+000
2.523161809376260e-004	-1.231618e+000	-1.064434e+000
2.526775305806269e-004	-1.267753e+000	-1.036961e+000
2.530000000000000e-004	-1.300000e+000	-1.012371e+000
2.530697415836273e-004	-1.306974e+000	-1.007028e+000
2.532092247508819e-004	-1.320922e+000	-9.963279e-001
2.534881910853913e-004	-1.348819e+000	-9.748603e-001
2.539999999999999e-004	-1.400000e+000	-9.353583e-001
2.541673798007055e-004	-1.416738e+000	-9.223669e-001
2.543905528683129e-004	-1.439055e+000	-9.049976e-001
2.548368990035279e-004	-1.483690e+000	-8.701638e-001
2.550892692270430e-004	-1.508927e+000	-8.503971e-001
2.556248845893010e-004	-1.562488e+000	-8.082187e-001
2.562142461449031e-004	-1.621425e+000	-7.615826e-001
2.567801410444747e-004	-1.678014e+000	-7.164979e-001
2.573460359440464e-004	-1.734604e+000	-6.712159e-001
2.579119308436180e-004	-1.791193e+000	-6.257367e-001
2.584778257431897e-004	-1.847783e+000	-5.800603e-001
2.590437206427613e-004	-1.904372e+000	-5.341865e-001
2.596096155423329e-004	-1.960961e+000	-4.881155e-001
2.601755104419045e-004	-2.017551e+000	-4.418473e-001
2.604095243644441e-004	-2.040952e+000	-4.226821e-001
2.606349306349209e-004	-2.063493e+000	-4.042057e-001
2.607110047721174e-004	-2.071100e+000	-3.979655e-001
2.607122852799908e-004	-2.071229e+000	-3.978604e-001
2.608130046543634e-004	-2.081300e+000	-3.895925e-001
2.608160514952537e-004	-2.081605e+000	-3.893423e-001
2.608175275080598e-004	-2.081753e+000	-3.892211e-001
2.608180260038715e-004	-2.081803e+000	-3.891802e-001
2.608182750187273e-004	-2.081827e+000	-3.891597e-001
2.608184154936116e-004	-2.081841e+000	-3.891482e-001
2.608185161605554e-004	-2.081852e+000	-3.891400e-001
2.608186325238206e-004	-2.081863e+000	-3.891304e-001
2.608188652503509e-004	-2.081887e+000	-3.891113e-001
2.608193307034113e-004	-2.081933e+000	-3.890730e-001
2.608221234217743e-004	-2.082212e+000	-3.888437e-001
2.608258470462581e-004	-2.082585e+000	-3.885380e-001
2.608332942952260e-004	-2.083329e+000	-3.879264e-001
2.608481887931616e-004	-2.084819e+000	-3.867033e-001
2.608616574597852e-004	-2.086166e+000	-3.855971e-001
2.608792961175574e-004	-2.087930e+000	-3.841484e-001
2.608964928371429e-004	-2.089649e+000	-3.827358e-001
2.609229557897280e-004	-2.092296e+000	-3.805619e-001
2.609522079899576e-004	-2.095221e+000	-3.781585e-001
2.610033686303757e-004	-2.100337e+000	-3.739545e-001
2.610505294556344e-004	-2.105053e+000	-3.700779e-001
2.611044275416445e-004	-2.110443e+000	-3.656465e-001
2.611848708150072e-004	-2.118487e+000	-3.590305e-001
2.612759874987426e-004	-2.127599e+000	-3.515337e-001
2.613965132621820e-004	-2.139651e+000	-3.416114e-001
2.616375647890609e-004	-2.163756e+000	-3.217522e-001
2.618726024596774e-004	-2.187260e+000	-3.023739e-001
2.620000000000001e-004	-2.200000e+000	-2.918638e-001
2.621030081896884e-004	-2.210301e+000	-2.833593e-001
2.622403524426059e-004	-2.224035e+000	-2.720141e-001
2.625150409484409e-004	-2.251504e+000	-2.493053e-001
2.630549377011669e-004	-2.305494e+000	-2.046342e-001
2.634031240013511e-004	-2.340312e+000	-1.757743e-001
2.637513103015353e-004	-2.375131e+000	-1.468992e-001
2.640994966017195e-004	-2.409950e+000	-1.180088e-001
2.644476829019037e-004	-2.444768e+000	-8.910309e-002
2.647958692020879e-004	-2.479587e+000	-6.018214e-002
2.651440555022721e-004	-2.514405e+000	-3.124592e-002
2.654922418024563e-004	-2.549224e+000	-2.294429e-003
2.661493744260915e-004	-2.614937e+000	5.239266e-002
2.668065070497266e-004	-2.680651e+000	1.070118e-001
2.674636396733618e-004	-2.746364e+000	1.615631e-001
2.681207722969969e-004	-2.812077e+000	2.160464e-001
2.687779049206320e-004	-2.877790e+000	2.704618e-001
2.694350375442672e-004	-2.943504e+000	3.248093e-001
2.700921701679023e-004	-3.009217e+000	3.790889e-001
2.714636842509752e-004	-3.146368e+000	4.922546e-001
2.728351983340479e-004	-3.283520e+000	6.040518e-001
2.742067124171208e-004	-3.420671e+000	7.144805e-001
2.755782265001936e-004	-3.557823e+000	8.235407e-001
2.769497405832664e-004	-3.694974e+000	9.312325e-001
2.783212546663392e-004	-3.832125e+000	1.037556e+000
2.796927687494120e-004	-3.969277e+000	1.142511e+000
2.804450030935440e-004	-4.044500e+000	1.199026e+000
2.811972374376759e-004	-4.119724e+000	1.254813e+000
2.819494717818079e-004	-4.194947e+000	1.309872e+000
2.827017061259399e-004	-4.270170e+000	1.364203e+000
2.834539404700719e-004	-4.345394e+000	1.417806e+000
2.842061748142038e-004	-4.420617e+000	1.470681e+000
2.849584091583358e-004	-4.495841e+000	1.522829e+000
2.856103182890841e-004	-4.561032e+000	1.567332e+000
2.862622274198324e-004	-4.626223e+000	1.611144e+000
2.869141365505807e-004	-4.691414e+000	1.654265e+000
2.875660456813290e-004	-4.756605e+000	1.696693e+000
2.882179548120773e-004	-4.821795e+000	1.738431e+000
2.888698639428256e-004	-4.886986e+000	1.779477e+000
2.895217730735740e-004	-4.952178e+000	1.819831e+000
2.896763811414022e-004	-4.972845e+000	1.829313e+000
2.898309892092306e-004	-4.986025e+000	1.838746e+000
2.899855972770589e-004	-4.991716e+000	1.848130e+000
2.901402053448872e-004	-4.989919e+000	1.857466e+000
2.902948134127155e-004	-4.980633e+000	1.866753e+000
2.904494214805438e-004	-4.963859e+000	1.875992e+000
2.906040295483721e-004	-4.939597e+000	1.885182e+000
2.909828185284395e-004	-4.901718e+000	1.907540e+000
2.913616075085069e-004	-4.863839e+000	1.929625e+000
2.917403964885743e-004	-4.825961e+000	1.951436e+000
2.921191854686418e-004	-4.788082e+000	1.972974e+000
2.924979744487092e-004	-4.750203e+000	1.994239e+000
2.928767634287766e-004	-4.712324e+000	2.015230e+000
2.932555524088440e-004	-4.674445e+000	2.035948e+000
2.937904734932949e-004	-4.620952e+000	2.064736e+000
2.943253945777457e-004	-4.567460e+000	2.092934e+000
2.948603156621966e-004	-4.513968e+000	2.120541e+000
2.953952367466474e-004	-4.460476e+000	2.147557e+000
2.959301578310983e-004	-4.406984e+000	2.173982e+000
2.964650789155491e-004	-4.353492e+000	2.199817e+000
2.970000000000000e-004	-4.300000e+000	2.225061e+000
2.973750363265995e-004	-4.262497e+000	2.242375e+000
2.977500726531990e-004	-4.224993e+000	2.259374e+000
2.981251089797985e-004	-4.187489e+000	2.276057e+000
2.985001453063981e-004	-4.149986e+000	2.292425e+000
2.988751816329976e-004	-4.112482e+000	2.308478e+000
2.992502179595971e-004	-4.074978e+000	2.324216e+000
2.996252542861967e-004	-4.037475e+000	2.339638e+000
3.000559694437494e-004	-3.994403e+000	2.357012e+000
3.004866846013022e-004	-3.951332e+000	2.373943e+000
3.009173997588550e-004	-3.908260e+000	2.390429e+000
3.013481149164078e-004	-3.865188e+000	2.406472e+000
3.017788300739605e-004	-3.822117e+000	2.422071e+000
3.022095452315133e-004	-3.779046e+000	2.437226e+000
3.026402603890661e-004	-3.735974e+000	2.451938e+000
3.031202231906280e-004	-3.687978e+000	2.467866e+000
3.036001859921900e-004	-3.639981e+000	2.483230e+000
3.040801487937520e-004	-3.591985e+000	2.498029e+000
3.045601115953139e-004	-3.543989e+000	2.512265e+000
3.050400743968759e-004	-3.495993e+000	2.525936e+000
3.055200371984379e-004	-3.447996e+000	2.539043e+000
3.059999999999999e-004	-3.400000e+000	2.551586e+000
3.081438632166556e-004	-3.185614e+000	2.600522e+000
3.082539682539688e-004	-3.174603e+000	2.602718e+000
3.084286900204812e-004	-3.157131e+000	2.606141e+000
3.086005660889258e-004	-3.139943e+000	2.609441e+000
3.088909187134662e-004	-3.110908e+000	2.614841e+000
3.091812713380067e-004	-3.081873e+000	2.620026e+000
3.094716239625471e-004	-3.052838e+000	2.624996e+000
3.097619765870875e-004	-3.023802e+000	2.629752e+000
3.100523292116280e-004	-2.994767e+000	2.634294e+000
3.103426818361684e-004	-2.965732e+000	2.638621e+000
3.106330344607089e-004	-2.936697e+000	2.642733e+000
3.106331640215891e-004	-2.936684e+000	2.642735e+000
3.106334231433496e-004	-2.936658e+000	2.642738e+000
3.106335581519381e-004	-2.936644e+000	2.642740e+000
3.106337001208873e-004	-2.936630e+000	2.642742e+000
3.106338840311741e-004	-2.936612e+000	2.642745e+000
3.106338951330448e-004	-2.936610e+000	2.642745e+000
3.106339173367862e-004	-2.936608e+000	2.642745e+000
3.106339617442696e-004	-2.936604e+000	2.642746e+000
3.106340505592358e-004	-2.936595e+000	2.642747e+000
3.106340574235197e-004	-2.936594e+000	2.642747e+000
3.106340711520874e-004	-2.936593e+000	2.642747e+000
3.106340762352544e-004	-2.936592e+000	2.642747e+000
3.106340811270402e-004	-2.936592e+000	2.642747e+000
3.106340842090735e-004	-2.936592e+000	2.642747e+000
3.106340879920700e-004	-2.936591e+000	2.642748e+000
3.106340926951000e-004	-2.936591e+000	2.642748e+000
3.106341021011606e-004	-2.936590e+000	2.642748e+000
3.106341168037465e-004	-2.936588e+000	2.642748e+000
3.106341462089180e-004	-2.936585e+000	2.642748e+000
3.106342050192613e-004	-2.936579e+000	2.642749e+000
3.106343166198351e-004	-2.936568e+000	2.642751e+000
3.106344228048304e-004	-2.936558e+000	2.642752e+000
3.106345729130722e-004	-2.936543e+000	2.642754e+000
3.106347429014198e-004	-2.936526e+000	2.642756e+000
3.106349764386701e-004	-2.936502e+000	2.642760e+000
3.106352401482659e-004	-2.936476e+000	2.642763e+000
3.106355752148745e-004	-2.936442e+000	2.642768e+000
3.106359657931105e-004	-2.936404e+000	2.642773e+000
3.106370670719390e-004	-2.936293e+000	2.642788e+000
3.106388500079744e-004	-2.936115e+000	2.642813e+000
3.106401490897835e-004	-2.935985e+000	2.642831e+000
3.106418321766336e-004	-2.935817e+000	2.642854e+000
3.106440771001528e-004	-2.935592e+000	2.642885e+000
3.106470666379472e-004	-2.935293e+000	2.642926e+000
3.106511637771228e-004	-2.934884e+000	2.642982e+000
3.106556643643170e-004	-2.934433e+000	2.643044e+000
3.106606566166208e-004	-2.933934e+000	2.643112e+000
3.106660638798314e-004	-2.933394e+000	2.643186e+000
3.106722902110324e-004	-2.932771e+000	2.643271e+000
3.106793040109526e-004	-2.932070e+000	2.643367e+000
3.106880386591808e-004	-2.931196e+000	2.643486e+000
3.106997823921461e-004	-2.930022e+000	2.643646e+000
3.107158556342081e-004	-2.928414e+000	2.643864e+000
3.107406109026439e-004	-2.925939e+000	2.644199e+000
3.107581638347266e-004	-2.924184e+000	2.644435e+000
3.107764925178533e-004	-2.922351e+000	2.644681e+000
3.107982916005598e-004	-2.920171e+000	2.644973e+000
3.108220650695289e-004	-2.917794e+000	2.645289e+000
3.108477038575512e-004	-2.915230e+000	2.645629e+000
3.108796103881940e-004	-2.912039e+000	2.646049e+000
3.109061957165408e-004	-2.909380e+000	2.646397e+000
3.109357830907689e-004	-2.906422e+000	2.646783e+000
3.109714249373138e-004	-2.902858e+000	2.647244e+000
3.110000000000001e-004	-2.900000e+000	2.647612e+000
3.110040361327953e-004	-2.899596e+000	2.647664e+000
3.110121083983856e-004	-2.898789e+000	2.647767e+000
3.110282529295667e-004	-2.897175e+000	2.647973e+000
3.110605419919285e-004	-2.893946e+000	2.648382e+000
3.111251201166525e-004	-2.887488e+000	2.649194e+000
3.111902016968049e-004	-2.880980e+000	2.649999e+000
3.113010124655667e-004	-2.869899e+000	2.651346e+000
3.114196720540073e-004	-2.858033e+000	2.652753e+000
3.115822991492157e-004	-2.841770e+000	2.654637e+000
3.116077556653335e-004	-2.839224e+000	2.654926e+000
3.116586686975685e-004	-2.834133e+000	2.655492e+000
3.117604947620385e-004	-2.823951e+000	2.656614e+000
3.117648003818111e-004	-2.823520e+000	2.656661e+000
3.117734116213564e-004	-2.822659e+000	2.656754e+000
3.117949397202194e-004	-2.820506e+000	2.656987e+000
3.118035509597646e-004	-2.819645e+000	2.657079e+000
3.118207734388550e-004	-2.817923e+000	2.657264e+000
3.118552183970359e-004	-2.814478e+000	2.657629e+000
3.119241083133976e-004	-2.807589e+000	2.658352e+000
3.119999999999998e-004	-2.800000e+000	2.659140e+000
3.120413339498169e-004	-2.795866e+000	2.659559e+000
3.120964458829061e-004	-2.790355e+000	2.660110e+000
3.122066697490850e-004	-2.779333e+000	2.661183e+000
3.124271174814422e-004	-2.757288e+000	2.663210e+000
3.128680129461572e-004	-2.713199e+000	2.667005e+000
3.129999999999999e-004	-2.700000e+000	2.668073e+000
3.131482162971001e-004	-2.685178e+000	2.669160e+000
3.133458380265670e-004	-2.665416e+000	2.670503e+000
3.137410814855008e-004	-2.625892e+000	2.672945e+000
3.140000000000000e-004	-2.600000e+000	2.674400e+000
3.141832195897843e-004	-2.581678e+000	2.675253e+000
3.144275123761636e-004	-2.557249e+000	2.676227e+000
3.149160979489217e-004	-2.508390e+000	2.677876e+000
3.150000000000002e-004	-2.500000e+000	2.678115e+000
3.151831096581967e-004	-2.481689e+000	2.678488e+000
3.154272558691259e-004	-2.457274e+000	2.678824e+000
3.159155482909837e-004	-2.408445e+000	2.679195e+000
3.159999999999999e-004	-2.400000e+000	2.679214e+000
3.162188529440718e-004	-2.378115e+000	2.679072e+000
3.165106568695005e-004	-2.348934e+000	2.678668e+000
3.170000000000000e-004	-2.300000e+000	2.677695e+000
3.174085254956005e-004	-2.259147e+000	2.676248e+000
3.180000000000001e-004	-2.200000e+000	2.673562e+000
3.186536407929611e-004	-2.134636e+000	2.669355e+000
3.190747018049097e-004	-2.092530e+000	2.666189e+000
3.192241054147294e-004	-2.077590e+000	2.664905e+000
3.194914643998087e-004	-2.050854e+000	2.662501e+000
3.197588233848880e-004	-2.024118e+000	2.659912e+000
3.200261823699673e-004	-1.997382e+000	2.657140e+000
3.202935413550465e-004	-1.970646e+000	2.654183e+000
3.205609003401259e-004	-1.943910e+000	2.651042e+000
3.208282593252051e-004	-1.917174e+000	2.647717e+000
3.210956183102845e-004	-1.890438e+000	2.644207e+000
3.215138953730251e-004	-1.848610e+000	2.638320e+000
3.219321724357657e-004	-1.806783e+000	2.631990e+000
3.223504494985063e-004	-1.764955e+000	2.625216e+000
3.227687265612469e-004	-1.723127e+000	2.617998e+000
3.231870036239875e-004	-1.681300e+000	2.610337e+000
3.236052806867281e-004	-1.639472e+000	2.602232e+000
3.240235577494687e-004	-1.597644e+000	2.593683e+000
3.240706732484063e-004	-1.592933e+000	2.592690e+000
3.241269941269844e-004	-1.587301e+000	2.591497e+000
3.241598201588767e-004	-1.584018e+000	2.590799e+000
3.241603339716008e-004	-1.583967e+000	2.590788e+000
3.242876982783721e-004	-1.571230e+000	2.588049e+000
3.242891488150698e-004	-1.571085e+000	2.588017e+000
3.242920498884652e-004	-1.570795e+000	2.587955e+000
3.242927832989460e-004	-1.570722e+000	2.587939e+000
3.242931751116264e-004	-1.570683e+000	2.587930e+000
3.242934220323052e-004	-1.570658e+000	2.587925e+000
3.242935608509800e-004	-1.570644e+000	2.587922e+000
3.242937245394625e-004	-1.570628e+000	2.587918e+000
3.242939161995253e-004	-1.570608e+000	2.587914e+000
3.242965994404040e-004	-1.570340e+000	2.587856e+000
3.242996660014078e-004	-1.570033e+000	2.587789e+000
3.243057991234159e-004	-1.569420e+000	2.587656e+000
3.243180653674320e-004	-1.568193e+000	2.587390e+000
3.243325467477904e-004	-1.566745e+000	2.587075e+000
3.243474020434914e-004	-1.565260e+000	2.586751e+000
3.243639762618715e-004	-1.563602e+000	2.586389e+000
3.243845993776777e-004	-1.561540e+000	2.585937e+000
3.244166433497638e-004	-1.558336e+000	2.585234e+000
3.244418532331547e-004	-1.555815e+000	2.584678e+000
3.244689523221852e-004	-1.553105e+000	2.584080e+000
3.244993835414484e-004	-1.550062e+000	2.583405e+000
3.245366529516232e-004	-1.546335e+000	2.582575e+000
3.245921851578941e-004	-1.540781e+000	2.581332e+000
3.246623949229796e-004	-1.533761e+000	2.579749e+000
3.247463490968256e-004	-1.525365e+000	2.577839e+000
3.248646763216070e-004	-1.513532e+000	2.575117e+000
3.249999999999998e-004	-1.500000e+000	2.571975e+000
3.250709963348686e-004	-1.492900e+000	2.570299e+000
3.251656581146939e-004	-1.483434e+000	2.568041e+000
3.253549816743446e-004	-1.464502e+000	2.563441e+000
3.257336287936460e-004	-1.426637e+000	2.554020e+000
3.259999999999999e-004	-1.400000e+000	2.547253e+000
3.263012101830947e-004	-1.369879e+000	2.539278e+000
3.270688480418505e-004	-1.293115e+000	2.518062e+000
3.289999999999999e-004	-1.100000e+000	2.458221e+000
3.310000000000001e-004	-9.000000e-001	2.386767e+000
3.312960274863331e-004	-8.703972e-001	2.375369e+000
3.315920549726661e-004	-8.407945e-001	2.363774e+000
3.318880824589991e-004	-8.111917e-001	2.351984e+000
3.321841099453320e-004	-7.815890e-001	2.339997e+000
3.324801374316650e-004	-7.519862e-001	2.327813e+000
3.327761649179980e-004	-7.223835e-001	2.315434e+000
3.330721924043310e-004	-6.927807e-001	2.302857e+000
3.340000000000001e-004	-6.000000e-001	2.262136e+000
3.349999999999998e-004	-5.000000e-001	2.216099e+000
3.359999999999999e-004	-4.000000e-001	2.167881e+000
3.370000000000001e-004	-3.000000e-001	2.117537e+000
3.380000000000002e-004	-2.000000e-001	2.065115e+000
3.389999999999999e-004	-1.000000e-001	2.010658e+000
3.400000000000000e-004	-1.776357e-014	1.954228e+000
3.410000000000002e-004	1.000000e-001	1.895879e+000
3.419999999999999e-004	2.000000e-001	1.835661e+000
3.440000000000001e-004	4.000000e-001	1.709864e+000
3.449999999999998e-004	5.000000e-001	1.644408e+000
3.460000000000000e-004	6.000000e-001	1.577333e+000
3.470000000000001e-004	7.000000e-001	1.508697e+000
3.480630964843526e-004	8.063096e-001	1.434098e+000
3.482112255580165e-004	8.211226e-001	1.423562e+000
3.483593546316804e-004	8.359355e-001	1.413000e+000
3.485074837053442e-004	8.507484e-001	1.402411e+000
3.486556127790082e-004	8.655613e-001	1.391796e+000
3.488037418526720e-004	8.803742e-001	1.381155e+000
3.489518709263359e-004	8.951871e-001	1.370488e+000
3.490999999999998e-004	9.100000e-001	1.359795e+000
3.500000000000001e-004	1.000000e+000	1.294139e+000
3.503199999999995e-004	1.032000e+000	1.270527e+000
3.506399999999989e-004	1.064000e+000	1.246794e+000
3.509599999999983e-004	1.096000e+000	1.222939e+000
3.512799999999977e-004	1.128000e+000	1.198963e+000
3.515999999999971e-004	1.160000e+000	1.174866e+000
3.519199999999965e-004	1.192000e+000	1.150647e+000
3.522399999999959e-004	1.224000e+000	1.126308e+000
3.530639999999989e-004	1.306400e+000	1.063136e+000
3.550640000000260e-004	1.506400e+000	9.068820e-001
3.570639999993766e-004	1.706400e+000	7.470207e-001
3.574948570781943e-004	1.749486e+000	7.121511e-001
3.579257141570119e-004	1.792571e+000	6.771663e-001
3.583565712358295e-004	1.835657e+000	6.420662e-001
3.587874283146471e-004	1.878743e+000	6.068508e-001
3.592182853934647e-004	1.921829e+000	5.715203e-001
3.596491424722824e-004	1.964914e+000	5.360745e-001
3.600799995511000e-004	2.008000e+000	5.005134e-001
3.605599968576996e-004	2.056000e+000	4.607865e-001
3.609999999999998e-004	2.100000e+000	4.243056e-001
3.611919989226393e-004	2.119200e+000	4.083489e-001
3.614479974861592e-004	2.144800e+000	3.870459e-001
3.619599946131989e-004	2.195999e+000	3.443938e-001
3.619999999999999e-004	2.200000e+000	3.410582e-001
3.620800107736019e-004	2.208001e+000	3.343795e-001
3.622400323208060e-004	2.224003e+000	3.210159e-001
3.625600754152141e-004	2.256007e+000	2.942643e-001
3.630000000000000e-004	2.300000e+000	2.574615e-001
3.630640086188818e-004	2.306401e+000	2.520998e-001
3.631920258566450e-004	2.319203e+000	2.413732e-001
3.634480603321713e-004	2.344806e+000	2.199062e-001
3.639601292832243e-004	2.396013e+000	1.769454e-001
3.640797414335519e-004	2.407974e+000	1.669013e-001
3.642392243006555e-004	2.423923e+000	1.535035e-001
3.645581900348625e-004	2.455819e+000	1.266963e-001
3.651913794405241e-004	2.519138e+000	7.345073e-002
3.655187182819700e-004	2.551872e+000	4.590014e-002
3.658460571234159e-004	2.584606e+000	1.835066e-002
3.661733959648618e-004	2.617340e+000	-9.197721e-003
3.665007348063077e-004	2.650074e+000	-3.674499e-002
3.668280736477536e-004	2.682807e+000	-6.429116e-002
3.671554124891995e-004	2.715541e+000	-9.183623e-002
3.674827513306454e-004	2.748275e+000	-1.193802e-001
3.681655147419354e-004	2.816551e+000	-1.767830e-001
3.684578496173272e-004	2.845785e+000	-2.013427e-001
3.687501844927190e-004	2.875019e+000	-2.258819e-001
3.690425193681107e-004	2.904252e+000	-2.504005e-001
3.693348542435025e-004	2.933486e+000	-2.748985e-001
3.696271891188942e-004	2.962719e+000	-2.993760e-001
3.699195239942860e-004	2.991952e+000	-3.238328e-001
3.702118588696777e-004	3.021186e+000	-3.482692e-001
3.713954698900644e-004	3.139547e+000	-4.468734e-001
3.717460317460321e-004	3.174603e+000	-4.759704e-001
3.719999999999999e-004	3.200000e+000	-4.970267e-001
3.723083613167050e-004	3.230836e+000	-5.225414e-001
3.726167226334102e-004	3.261672e+000	-5.480040e-001
3.729250839501153e-004	3.292508e+000	-5.734145e-001
3.732334452668204e-004	3.323344e+000	-5.987728e-001
3.735418065835255e-004	3.354181e+000	-6.240791e-001
3.738501679002307e-004	3.385017e+000	-6.493333e-001
3.741585292169358e-004	3.415853e+000	-6.745354e-001
3.741603458068793e-004	3.416035e+000	-6.746836e-001
3.741613255819867e-004	3.416132e+000	-6.747636e-001
3.741619584018475e-004	3.416196e+000	-6.748152e-001
3.741624809081969e-004	3.416248e+000	-6.748579e-001
3.741630720538471e-004	3.416307e+000	-6.749061e-001
3.741640660977364e-004	3.416407e+000	-6.749872e-001
3.741645484717305e-004	3.416455e+000	-6.750266e-001
3.741648976405814e-004	3.416490e+000	-6.750551e-001
3.741649890394942e-004	3.416499e+000	-6.750625e-001
3.741650931732071e-004	3.416509e+000	-6.750710e-001
3.741652103769954e-004	3.416521e+000	-6.750806e-001
3.741653047513137e-004	3.416530e+000	-6.750883e-001
3.741654253631480e-004	3.416543e+000	-6.750981e-001
3.741655597431573e-004	3.416556e+000	-6.751091e-001
3.741657135172801e-004	3.416571e+000	-6.751216e-001
3.741659334881116e-004	3.416593e+000	-6.751396e-001
3.741661716574578e-004	3.416617e+000	-6.751590e-001
3.741665557659467e-004	3.416656e+000	-6.751903e-001
3.741669620235316e-004	3.416696e+000	-6.752235e-001
3.741677745387013e-004	3.416777e+000	-6.752898e-001
3.741685334787753e-004	3.416853e+000	-6.753517e-001
3.741700513589233e-004	3.417005e+000	-6.754756e-001
3.741722188552875e-004	3.417222e+000	-6.756524e-001
3.741765538480160e-004	3.417655e+000	-6.760061e-001
3.741826093070664e-004	3.418261e+000	-6.765002e-001
3.741900519336600e-004	3.419005e+000	-6.771074e-001
3.741993766420895e-004	3.419938e+000	-6.778681e-001
3.742108090811318e-004	3.421081e+000	-6.788006e-001
3.742252405624946e-004	3.422524e+000	-6.799776e-001
3.742437273829939e-004	3.424373e+000	-6.814852e-001
3.742701631015396e-004	3.427016e+000	-6.836407e-001
3.742957388356031e-004	3.429574e+000	-6.857256e-001
3.743222113138005e-004	3.432221e+000	-6.878832e-001
3.743556142101778e-004	3.435561e+000	-6.906049e-001
3.743885585002068e-004	3.438856e+000	-6.932885e-001
3.744356295816063e-004	3.443563e+000	-6.971215e-001
3.745608351966292e-004	3.456084e+000	-7.073098e-001
3.747511617632742e-004	3.475116e+000	-7.227761e-001
3.748724880215564e-004	3.487249e+000	-7.326226e-001
3.749999999999999e-004	3.500000e+000	-7.429631e-001
3.750190935994172e-004	3.501909e+000	-7.445099e-001
3.750572807982521e-004	3.505728e+000	-7.476026e-001
3.751336551959220e-004	3.513366e+000	-7.537843e-001
3.752864039912613e-004	3.528641e+000	-7.661331e-001
3.755356503626866e-004	3.553565e+000	-7.862407e-001
3.759616148819832e-004	3.596162e+000	-8.205347e-001
3.760630629389547e-004	3.606306e+000	-8.286778e-001
3.761891888168639e-004	3.618919e+000	-8.387842e-001
3.764414405726829e-004	3.644144e+000	-8.589488e-001
3.769459440843203e-004	3.694594e+000	-8.991792e-001
3.770673225584591e-004	3.706732e+000	-9.088233e-001
3.772019676753771e-004	3.720197e+000	-9.194968e-001
3.774712579092130e-004	3.747126e+000	-9.407840e-001
3.779999999999999e-004	3.800000e+000	-9.824679e-001
3.783770063273701e-004	3.837701e+000	-1.011981e+000
3.788078707015075e-004	3.880787e+000	-1.045569e+000
3.790861728748276e-004	3.908617e+000	-1.067178e+000
3.796032101237926e-004	3.960321e+000	-1.107048e+000
3.802068148995863e-004	4.020681e+000	-1.153293e+000
3.806360954078134e-004	4.063610e+000	-1.185931e+000
3.810653759160405e-004	4.106538e+000	-1.218343e+000
3.814946564242676e-004	4.149466e+000	-1.250528e+000
3.819239369324947e-004	4.192394e+000	-1.282486e+000
3.823532174407218e-004	4.235322e+000	-1.314218e+000
3.827824979489489e-004	4.278250e+000	-1.345724e+000
3.832117784571760e-004	4.321178e+000	-1.377002e+000
3.836410759833149e-004	4.364108e+000	-1.408034e+000
3.840703735094538e-004	4.407037e+000	-1.438800e+000
3.844996710355927e-004	4.449967e+000	-1.469299e+000
3.849289685617316e-004	4.492897e+000	-1.499532e+000
3.853582660878705e-004	4.535826e+000	-1.529499e+000
3.857875636140094e-004	4.578756e+000	-1.559199e+000
3.862168611401483e-004	4.621686e+000	-1.588633e+000
3.874048074616102e-004	4.740481e+000	-1.668541e+000
3.876190576190481e-004	4.761906e+000	-1.682727e+000
3.876928670586049e-004	4.769287e+000	-1.687598e+000
3.876941164629717e-004	4.769412e+000	-1.687680e+000
3.877982785160032e-004	4.779828e+000	-1.694530e+000
3.878036961244089e-004	4.780370e+000	-1.694886e+000
3.878049548420789e-004	4.780496e+000	-1.694968e+000
3.878056088444165e-004	4.780561e+000	-1.695011e+000
3.878061628704919e-004	4.780616e+000	-1.695048e+000
3.878064053461842e-004	4.780641e+000	-1.695064e+000
3.878066449677221e-004	4.780664e+000	-1.695079e+000
3.878068956347956e-004	4.780690e+000	-1.695096e+000
3.878071837425932e-004	4.780718e+000	-1.695115e+000
3.878112172517574e-004	4.781122e+000	-1.695380e+000
3.878158269765165e-004	4.781583e+000	-1.695682e+000
3.878250464260350e-004	4.782505e+000	-1.696287e+000
3.878382066937677e-004	4.783821e+000	-1.697151e+000
3.878527513726474e-004	4.785275e+000	-1.698105e+000
3.878822148982949e-004	4.788221e+000	-1.700037e+000
3.879249299559061e-004	4.792493e+000	-1.702834e+000
3.879684101826928e-004	4.796841e+000	-1.705679e+000
3.879857664747210e-004	4.798577e+000	-1.706814e+000
3.880031227667492e-004	4.800312e+000	-1.707948e+000
3.880204790587774e-004	4.802048e+000	-1.709082e+000
3.880378353508057e-004	4.803783e+000	-1.710215e+000
3.880551916428339e-004	4.805519e+000	-1.711348e+000
3.880725479348621e-004	4.807255e+000	-1.712480e+000
3.880899042268903e-004	4.808990e+000	-1.713611e+000
3.881522655524105e-004	4.815227e+000	-1.717673e+000
3.882229244160590e-004	4.822292e+000	-1.722267e+000
3.883121305886233e-004	4.831213e+000	-1.728051e+000
3.884905429337514e-004	4.849054e+000	-1.739581e+000
3.886832726394326e-004	4.868327e+000	-1.751972e+000
3.890000000000000e-004	4.900000e+000	-1.772242e+000
3.890955950976026e-004	4.909560e+000	-1.778314e+000
3.892230552277397e-004	4.922306e+000	-1.786380e+000
3.895145274623304e-004	4.951453e+000	-1.804757e+000
3.898050561369757e-004	4.980505e+000	-1.822900e+000
3.899031054447478e-004	4.988069e+000	-1.828999e+000
3.900011547525198e-004	4.991700e+000	-1.835079e+000
3.900992040602919e-004	4.991398e+000	-1.841141e+000
3.901972533680640e-004	4.987163e+000	-1.847183e+000
3.902953026758360e-004	4.978995e+000	-1.853207e+000
3.903933519836081e-004	4.966894e+000	-1.859211e+000
3.904914012913801e-004	4.950860e+000	-1.865197e+000
3.908885368760787e-004	4.911146e+000	-1.889281e+000
3.912856724607773e-004	4.871433e+000	-1.913065e+000
3.916828080454759e-004	4.831719e+000	-1.936548e+000
3.920799436301745e-004	4.792006e+000	-1.959730e+000
3.924770792148731e-004	4.752292e+000	-1.982612e+000
3.928742147995718e-004	4.712579e+000	-2.005193e+000
3.932713503842704e-004	4.672865e+000	-2.027473e+000
3.937008521570164e-004	4.629915e+000	-2.051231e+000
3.941303539297625e-004	4.586964e+000	-2.074606e+000
3.945598557025086e-004	4.544014e+000	-2.097598e+000
3.949893574752547e-004	4.501064e+000	-2.120206e+000
3.954188592480007e-004	4.458114e+000	-2.142431e+000
3.958483610207469e-004	4.415164e+000	-2.164273e+000
3.962778627934929e-004	4.372214e+000	-2.185732e+000
3.967073868944991e-004	4.329261e+000	-2.206815e+000
3.971369109955054e-004	4.286309e+000	-2.227486e+000
3.975664350965116e-004	4.243357e+000	-2.247747e+000
3.979959591975178e-004	4.200404e+000	-2.267596e+000
3.984254832985240e-004	4.157452e+000	-2.287035e+000
3.988550073995303e-004	4.114499e+000	-2.306062e+000
3.992845315005365e-004	4.071547e+000	-2.324679e+000
3.997695756574048e-004	4.023043e+000	-2.345226e+000
4.002546198142732e-004	3.974538e+000	-2.365214e+000
4.007396639711416e-004	3.926034e+000	-2.384644e+000
4.012247081280099e-004	3.877529e+000	-2.403515e+000
4.017097522848783e-004	3.829025e+000	-2.421827e+000
4.021947964417466e-004	3.780520e+000	-2.439581e+000
4.026798405986150e-004	3.732016e+000	-2.456776e+000
4.032337098585822e-004	3.676629e+000	-2.475779e+000
4.037875791185494e-004	3.621242e+000	-2.494013e+000
4.043414483785166e-004	3.565855e+000	-2.511478e+000
4.048953176384838e-004	3.510468e+000	-2.528173e+000
4.054491868984510e-004	3.455081e+000	-2.544100e+000
4.060030561584181e-004	3.399694e+000	-2.559257e+000
4.065569254183853e-004	3.344307e+000	-2.573645e+000
4.079666973931109e-004	3.203330e+000	-2.606961e+000
4.093764693678365e-004	3.062353e+000	-2.635071e+000
4.107862413425620e-004	2.921376e+000	-2.657976e+000
4.121960133172875e-004	2.780399e+000	-2.675676e+000
4.136057852920131e-004	2.639422e+000	-2.688171e+000
4.150155572667386e-004	2.498444e+000	-2.695461e+000
4.164253292414642e-004	2.357467e+000	-2.697546e+000
4.184389028471200e-004	2.156110e+000	-2.691024e+000
4.204524764527757e-004	1.954752e+000	-2.674051e+000
4.224660500584315e-004	1.753395e+000	-2.646627e+000
4.244796236640872e-004	1.552038e+000	-2.608750e+000
4.264931972697430e-004	1.350680e+000	-2.560422e+000
4.285067708753988e-004	1.149323e+000	-2.501642e+000
4.305203444810546e-004	9.479656e-001	-2.432410e+000
4.311811736139103e-004	8.818826e-001	-2.407698e+000
4.318420027467660e-004	8.157997e-001	-2.381976e+000
4.325028318796218e-004	7.497168e-001	-2.355241e+000
4.331636610124775e-004	6.836339e-001	-2.327495e+000
4.338244901453333e-004	6.175510e-001	-2.298738e+000
4.344853192781890e-004	5.514681e-001	-2.268970e+000
4.351461484110447e-004	4.853851e-001	-2.238189e+000
4.352380952380957e-004	4.761905e-001	-2.233833e+000
4.353598335822616e-004	4.640166e-001	-2.228037e+000
4.354781109549969e-004	4.521889e-001	-2.222376e+000
4.357792356850701e-004	4.220764e-001	-2.207818e+000
4.360803604151433e-004	3.919640e-001	-2.193067e+000
4.363814851452164e-004	3.618515e-001	-2.178122e+000
4.366826098752896e-004	3.317390e-001	-2.162985e+000
4.369837346053628e-004	3.016265e-001	-2.147655e+000
4.372848593354359e-004	2.715141e-001	-2.132132e+000
4.375859840655091e-004	2.414016e-001	-2.116416e+000
4.375918597748362e-004	2.408140e-001	-2.116108e+000
4.375960327712720e-004	2.403967e-001	-2.115889e+000
4.375984994403562e-004	2.401500e-001	-2.115759e+000
4.376006368228169e-004	2.399363e-001	-2.115647e+000
4.376030622376568e-004	2.396938e-001	-2.115519e+000
4.376062459664097e-004	2.393754e-001	-2.115352e+000
4.376092106744673e-004	2.390789e-001	-2.115196e+000
4.376122253086428e-004	2.387775e-001	-2.115038e+000
4.376128579088481e-004	2.387142e-001	-2.115005e+000
4.376134699839874e-004	2.386530e-001	-2.114972e+000
4.376139350622367e-004	2.386065e-001	-2.114948e+000
4.376141637201254e-004	2.385836e-001	-2.114936e+000
4.376148558793190e-004	2.385144e-001	-2.114900e+000
4.376157469826629e-004	2.384253e-001	-2.114853e+000
4.376183637939688e-004	2.381636e-001	-2.114715e+000
4.376207406701972e-004	2.379259e-001	-2.114590e+000
4.376254944226539e-004	2.374506e-001	-2.114340e+000
4.376306153371372e-004	2.369385e-001	-2.114071e+000
4.376366895025383e-004	2.363310e-001	-2.113751e+000
4.376427404218955e-004	2.357260e-001	-2.113433e+000
4.376503262670862e-004	2.349674e-001	-2.113034e+000
4.376585850443889e-004	2.341415e-001	-2.112599e+000
4.376691598685502e-004	2.330840e-001	-2.112042e+000
4.376815097983291e-004	2.318490e-001	-2.111391e+000
4.376993392847944e-004	2.300661e-001	-2.110451e+000
4.377149109788016e-004	2.285089e-001	-2.109629e+000
4.377297730033462e-004	2.270227e-001	-2.108845e+000
4.377459910288595e-004	2.254009e-001	-2.107988e+000
4.377654167515067e-004	2.234583e-001	-2.106961e+000
4.377831363238326e-004	2.216864e-001	-2.106024e+000
4.378049578916275e-004	2.195042e-001	-2.104869e+000
4.378079891882202e-004	2.192011e-001	-2.104708e+000
4.378140517814059e-004	2.185948e-001	-2.104387e+000
4.378185073814201e-004	2.181493e-001	-2.104151e+000
4.378229629814343e-004	2.177037e-001	-2.103915e+000
4.378274185814485e-004	2.172581e-001	-2.103679e+000
4.378318741814626e-004	2.168126e-001	-2.103443e+000
4.378363297814769e-004	2.163670e-001	-2.103206e+000
4.378407853814910e-004	2.159215e-001	-2.102970e+000
4.378452409815052e-004	2.154759e-001	-2.102734e+000
4.378694913542477e-004	2.130509e-001	-2.101446e+000
4.379015477770673e-004	2.098452e-001	-2.099743e+000
4.379320751762010e-004	2.067925e-001	-2.098119e+000
4.379682525049900e-004	2.031748e-001	-2.096192e+000
4.380000000000000e-004	2.000000e-001	-2.094500e+000
4.380139777892264e-004	1.986022e-001	-2.093754e+000
4.380698889461317e-004	1.930111e-001	-2.090764e+000
4.381414414184287e-004	1.858559e-001	-2.086927e+000
4.382458549488043e-004	1.754145e-001	-2.081311e+000
4.383615031271259e-004	1.638497e-001	-2.075066e+000
4.384840231950547e-004	1.515977e-001	-2.068420e+000
4.386073673516423e-004	1.392633e-001	-2.061698e+000
4.387585213782999e-004	1.241479e-001	-2.053416e+000
4.389337339839234e-004	1.066266e-001	-2.043770e+000
4.390350425211250e-004	9.649575e-002	-2.038163e+000
4.391051275633743e-004	8.948725e-002	-2.034266e+000
4.392452976478734e-004	7.547024e-002	-2.026435e+000
4.395256378168710e-004	4.743622e-002	-2.010640e+000
4.399999999999999e-004	1.776357e-014	-1.983701e+000
4.401423086549386e-004	-1.423087e-002	-1.975502e+000
4.403320535281900e-004	-3.320535e-002	-1.964498e+000
4.407115432746933e-004	-7.115433e-002	-1.942315e+000
4.410000000000000e-004	-1.000000e-001	-1.925333e+000
4.411716914678576e-004	-1.171691e-001	-1.915104e+000
4.414006134250007e-004	-1.400613e-001	-1.901362e+000
4.418584573392869e-004	-1.858457e-001	-1.873676e+000
4.420000000000001e-004	-2.000000e-001	-1.865062e+000
4.421592040190062e-004	-2.159204e-001	-1.855283e+000
4.423714760443476e-004	-2.371476e-001	-1.842158e+000
4.427960200950303e-004	-2.796020e-001	-1.815725e+000
4.429999999999998e-004	-3.000000e-001	-1.802948e+000
4.431689480125095e-004	-3.168948e-001	-1.792262e+000
4.433942120291891e-004	-3.394212e-001	-1.777922e+000
4.438447400625478e-004	-3.844740e-001	-1.749055e+000
4.440000000000000e-004	-4.000000e-001	-1.739050e+000
4.440700939972162e-004	-4.070094e-001	-1.734499e+000
4.442102819916492e-004	-4.210282e-001	-1.725372e+000
4.444906579805148e-004	-4.490658e-001	-1.707002e+000
4.450000000000001e-004	-5.000000e-001	-1.673431e+000
4.450560751977730e-004	-5.056075e-001	-1.669698e+000
4.451682255933193e-004	-5.168226e-001	-1.662215e+000
4.453925263844119e-004	-5.392526e-001	-1.647175e+000
4.458411279665972e-004	-5.841128e-001	-1.616924e+000
4.459999999999998e-004	-6.000000e-001	-1.606157e+000
4.460897203164369e-004	-6.089720e-001	-1.600032e+000
4.462691609493112e-004	-6.269161e-001	-1.587744e+000
4.466280422150593e-004	-6.628042e-001	-1.563032e+000
4.469999999999999e-004	-7.000000e-001	-1.537289e+000
4.475024337720476e-004	-7.502434e-001	-1.502054e+000
4.481722630075590e-004	-8.172263e-001	-1.454615e+000
4.485873658851903e-004	-8.587366e-001	-1.424845e+000
4.490024687628216e-004	-9.002469e-001	-1.394846e+000
4.494175716404529e-004	-9.417572e-001	-1.364619e+000
4.498326745180841e-004	-9.832675e-001	-1.334163e+000
4.502477773957154e-004	-1.024778e+000	-1.303479e+000
4.506628802733467e-004	-1.066288e+000	-1.272566e+000
4.510779831509780e-004	-1.107798e+000	-1.241425e+000
4.511111211111117e-004	-1.111112e+000	-1.238930e+000
4.511346054056112e-004	-1.113461e+000	-1.237162e+000
4.511349598165550e-004	-1.113496e+000	-1.237135e+000
4.512616040675591e-004	-1.126160e+000	-1.227585e+000
4.512636801614592e-004	-1.126368e+000	-1.227428e+000
4.512643292031654e-004	-1.126433e+000	-1.227379e+000
4.512646163783488e-004	-1.126462e+000	-1.227357e+000
4.512647363891799e-004	-1.126474e+000	-1.227348e+000
4.512648413380720e-004	-1.126484e+000	-1.227340e+000
4.512648877599483e-004	-1.126489e+000	-1.227337e+000
4.512649477738809e-004	-1.126495e+000	-1.227332e+000
4.512650113495777e-004	-1.126501e+000	-1.227327e+000
4.512651278673258e-004	-1.126513e+000	-1.227319e+000
4.512652460636939e-004	-1.126525e+000	-1.227310e+000
4.512654444379762e-004	-1.126544e+000	-1.227295e+000
4.512656894605292e-004	-1.126569e+000	-1.227276e+000
4.512691197762703e-004	-1.126912e+000	-1.227017e+000
4.512730401371175e-004	-1.127304e+000	-1.226721e+000
4.512808808588118e-004	-1.128088e+000	-1.226129e+000
4.512965623021999e-004	-1.129656e+000	-1.224945e+000
4.513165447592163e-004	-1.131655e+000	-1.223435e+000
4.513386504709869e-004	-1.133865e+000	-1.221765e+000
4.513655751423092e-004	-1.136557e+000	-1.219729e+000
4.514074709434253e-004	-1.140747e+000	-1.216560e+000
4.514453591771593e-004	-1.144536e+000	-1.213692e+000
4.514919867060589e-004	-1.149199e+000	-1.210160e+000
4.515386071900253e-004	-1.153861e+000	-1.206626e+000
4.516291696766610e-004	-1.162917e+000	-1.199752e+000
4.517595936179499e-004	-1.175959e+000	-1.189837e+000
4.518979693122153e-004	-1.189797e+000	-1.179298e+000
4.520000000000001e-004	-1.200000e+000	-1.171516e+000
4.520787302397045e-004	-1.207873e+000	-1.165498e+000
4.521837038926435e-004	-1.218370e+000	-1.157460e+000
4.523936511985219e-004	-1.239365e+000	-1.141338e+000
4.528135458102783e-004	-1.281355e+000	-1.108985e+000
4.529999999999998e-004	-1.300000e+000	-1.094576e+000
4.533145009245660e-004	-1.331450e+000	-1.070132e+000
4.537375782145368e-004	-1.373758e+000	-1.037095e+000
4.541606555045077e-004	-1.416066e+000	-1.003887e+000
4.545837327944786e-004	-1.458373e+000	-9.705076e-001
4.550068100844495e-004	-1.500681e+000	-9.369564e-001
4.554298873744203e-004	-1.542989e+000	-9.032337e-001
4.558529646643913e-004	-1.585296e+000	-8.693395e-001
4.562760419543621e-004	-1.627604e+000	-8.352737e-001
4.575646642168215e-004	-1.756466e+000	-7.302421e-001
4.588532864792808e-004	-1.885329e+000	-6.244283e-001
4.601419087417401e-004	-2.014191e+000	-5.178322e-001
4.614305310041995e-004	-2.143053e+000	-4.104540e-001
4.627191532666588e-004	-2.271915e+000	-3.022936e-001
4.640077755291181e-004	-2.400777e+000	-1.933510e-001
4.652963977915775e-004	-2.529640e+000	-8.362617e-002
4.683000000000001e-004	-2.830000e+000	1.714206e-001
4.698285714285714e-004	-2.982857e+000	3.015610e-001
4.713571428571428e-004	-3.135714e+000	4.303189e-001
4.728857142857142e-004	-3.288571e+000	5.576944e-001
4.744142857142857e-004	-3.441429e+000	6.836874e-001
4.759428571428571e-004	-3.594286e+000	8.082979e-001
4.774714285714284e-004	-3.747143e+000	9.315260e-001
4.789999999999998e-004	-3.900000e+000	1.053372e+000
4.802971368417949e-004	-4.029714e+000	1.154686e+000
4.815942736835899e-004	-4.159427e+000	1.253724e+000
4.828914105253849e-004	-4.289141e+000	1.350484e+000
4.841885473671799e-004	-4.418855e+000	1.444966e+000
4.854856842089749e-004	-4.548568e+000	1.537171e+000
4.867828210507699e-004	-4.678282e+000	1.627098e+000
4.880799578925650e-004	-4.807996e+000	1.714748e+000
4.882398736776946e-004	-4.823987e+000	1.725296e+000
4.900609959727683e-004	-4.993900e+000	1.842551e+000
4.904929851758352e-004	-4.950701e+000	1.869504e+000
4.909249743789019e-004	-4.907503e+000	1.896107e+000
4.913569635819688e-004	-4.864304e+000	1.922361e+000
4.917889527850356e-004	-4.821105e+000	1.948265e+000
4.922209419881025e-004	-4.777906e+000	1.973820e+000
4.926529311911692e-004	-4.734707e+000	1.999025e+000
4.930849203942361e-004	-4.691508e+000	2.023880e+000
4.938427280531977e-004	-4.615727e+000	2.066608e+000
4.946005357121592e-004	-4.539946e+000	2.108120e+000
4.953583433711208e-004	-4.464166e+000	2.148418e+000
4.961161510300823e-004	-4.388385e+000	2.187501e+000
4.968739586890440e-004	-4.312604e+000	2.225369e+000
4.976317663480055e-004	-4.236823e+000	2.262023e+000
4.983895740069671e-004	-4.161043e+000	2.297461e+000
4.987301587301594e-004	-4.126984e+000	2.312940e+000
4.989999999999999e-004	-4.100000e+000	2.325078e+000
4.993084776180934e-004	-4.069152e+000	2.338677e+000
4.996169552361870e-004	-4.038304e+000	2.352061e+000
4.999254328542804e-004	-4.007457e+000	2.365230e+000
5.002339104723740e-004	-3.976609e+000	2.378183e+000
5.005423880904675e-004	-3.945761e+000	2.390921e+000
5.008508657085611e-004	-3.914913e+000	2.403444e+000
5.011593433266546e-004	-3.884066e+000	2.415751e+000
5.011599756414428e-004	-3.884002e+000	2.415776e+000
5.011612402710192e-004	-3.883876e+000	2.415826e+000
5.011612541702061e-004	-3.883875e+000	2.415827e+000
5.011612819685800e-004	-3.883872e+000	2.415828e+000
5.011613375653277e-004	-3.883866e+000	2.415830e+000
5.011614487588230e-004	-3.883855e+000	2.415834e+000
5.011616698132157e-004	-3.883833e+000	2.415843e+000
5.011618731060328e-004	-3.883813e+000	2.415851e+000
5.011618952705235e-004	-3.883811e+000	2.415852e+000
5.011619025687988e-004	-3.883810e+000	2.415852e+000
5.011619076729333e-004	-3.883809e+000	2.415852e+000
5.011619108714898e-004	-3.883809e+000	2.415852e+000
5.011619144059784e-004	-3.883809e+000	2.415853e+000
5.011619181616478e-004	-3.883808e+000	2.415853e+000
5.011619215536329e-004	-3.883808e+000	2.415853e+000
5.011619252232205e-004	-3.883807e+000	2.415853e+000
5.011619300853950e-004	-3.883807e+000	2.415853e+000
5.011619378501439e-004	-3.883806e+000	2.415854e+000
5.011619497409478e-004	-3.883805e+000	2.415854e+000
5.011619735225559e-004	-3.883803e+000	2.415855e+000
5.011620210857719e-004	-3.883798e+000	2.415857e+000
5.011621162122042e-004	-3.883788e+000	2.415860e+000
5.011622167889868e-004	-3.883778e+000	2.415864e+000
5.011623505888061e-004	-3.883765e+000	2.415870e+000
5.011625068875253e-004	-3.883749e+000	2.415876e+000
5.011627148849215e-004	-3.883729e+000	2.415884e+000
5.011629569198939e-004	-3.883704e+000	2.415894e+000
5.011632607158944e-004	-3.883674e+000	2.415906e+000
5.011636173212534e-004	-3.883638e+000	2.415920e+000
5.011640670716656e-004	-3.883593e+000	2.415937e+000
5.011674889407111e-004	-3.883251e+000	2.416073e+000
5.011690536955373e-004	-3.883095e+000	2.416134e+000
5.011711493337488e-004	-3.882885e+000	2.416217e+000
5.011739443879014e-004	-3.882606e+000	2.416327e+000
5.011777905982525e-004	-3.882221e+000	2.416479e+000
5.011825652086327e-004	-3.881743e+000	2.416667e+000
5.011874926284751e-004	-3.881251e+000	2.416861e+000
5.011931596397455e-004	-3.880684e+000	2.417085e+000
5.011993179355320e-004	-3.880068e+000	2.417327e+000
5.012069188987159e-004	-3.879308e+000	2.417626e+000
5.012166348704801e-004	-3.878336e+000	2.418009e+000
5.012295493467913e-004	-3.877045e+000	2.418517e+000
5.012471274704073e-004	-3.875287e+000	2.419207e+000
5.012751977906522e-004	-3.872480e+000	2.420309e+000
5.012956009365320e-004	-3.870440e+000	2.421108e+000
5.013162698607374e-004	-3.868373e+000	2.421917e+000
5.013426603858759e-004	-3.865734e+000	2.422948e+000
5.013674592339247e-004	-3.863254e+000	2.423915e+000
5.013999857507783e-004	-3.860001e+000	2.425182e+000
5.014369901998089e-004	-3.856301e+000	2.426620e+000
5.014721296999485e-004	-3.852787e+000	2.427982e+000
5.015121367667273e-004	-3.848786e+000	2.429530e+000
5.015560986422257e-004	-3.844390e+000	2.431226e+000
5.016158469422420e-004	-3.838415e+000	2.433523e+000
5.016892149172342e-004	-3.831079e+000	2.436333e+000
5.017604592924751e-004	-3.823954e+000	2.439049e+000
5.018666936962577e-004	-3.813331e+000	2.443074e+000
5.019825926461411e-004	-3.801741e+000	2.447445e+000
5.019999999999998e-004	-3.800000e+000	2.448099e+000
5.020181068146178e-004	-3.798189e+000	2.448777e+000
5.020543204438538e-004	-3.794568e+000	2.450130e+000
5.021267477023257e-004	-3.787325e+000	2.452823e+000
5.022716022192691e-004	-3.772840e+000	2.458167e+000
5.025287678494654e-004	-3.747123e+000	2.467576e+000
5.025571396563662e-004	-3.744286e+000	2.468605e+000
5.026138832701678e-004	-3.738612e+000	2.470648e+000
5.027273704977710e-004	-3.727263e+000	2.474720e+000
5.027557423046719e-004	-3.724426e+000	2.475734e+000
5.028124859184735e-004	-3.718751e+000	2.477750e+000
5.029259731460767e-004	-3.707403e+000	2.481769e+000
5.029335609962305e-004	-3.706644e+000	2.482037e+000
5.029395228784942e-004	-3.706048e+000	2.482247e+000
5.029454847607578e-004	-3.705451e+000	2.482457e+000
5.029514466430215e-004	-3.704855e+000	2.482666e+000
5.029574085252852e-004	-3.704259e+000	2.482876e+000
5.029633704075489e-004	-3.703663e+000	2.483086e+000
5.029693322898125e-004	-3.703067e+000	2.483295e+000
5.029752941720761e-004	-3.702471e+000	2.483504e+000
5.030030351400616e-004	-3.699697e+000	2.484478e+000
5.030212459804307e-004	-3.697875e+000	2.485116e+000
5.030455271009225e-004	-3.695447e+000	2.485965e+000
5.030940893419062e-004	-3.690591e+000	2.487657e+000
5.031912138238740e-004	-3.680879e+000	2.491021e+000
5.033854627878092e-004	-3.661454e+000	2.497661e+000
5.037739607156797e-004	-3.622604e+000	2.510727e+000
5.040000000000001e-004	-3.600000e+000	2.518217e+000
5.041490806849290e-004	-3.585092e+000	2.523037e+000
5.043478549315006e-004	-3.565214e+000	2.529362e+000
5.047454034246440e-004	-3.525460e+000	2.541779e+000
5.049999999999998e-004	-3.500000e+000	2.549596e+000
5.051963602047717e-004	-3.480364e+000	2.555439e+000
5.054581738111342e-004	-3.454183e+000	2.563052e+000
5.059999999999999e-004	-3.400000e+000	2.578479e+000
5.062547856659644e-004	-3.374521e+000	2.585408e+000
5.065459692842095e-004	-3.345403e+000	2.593102e+000
5.070000000000001e-004	-3.300000e+000	2.604841e+000
5.071747101709472e-004	-3.282529e+000	2.609165e+000
5.074076570655431e-004	-3.259234e+000	2.614785e+000
5.079999999999998e-004	-3.200000e+000	2.628653e+000
5.086522513048689e-004	-3.134775e+000	2.642706e+000
5.092236290188119e-004	-3.077637e+000	2.654243e+000
5.096529671754479e-004	-3.034703e+000	2.662321e+000
5.100823053320839e-004	-2.991770e+000	2.669913e+000
5.105116434887198e-004	-2.948836e+000	2.677021e+000
5.109409816453557e-004	-2.905902e+000	2.683644e+000
5.113703198019917e-004	-2.862968e+000	2.689782e+000
5.117996579586276e-004	-2.820034e+000	2.695436e+000
5.122289961152636e-004	-2.777100e+000	2.700605e+000
5.125632055274214e-004	-2.743679e+000	2.704292e+000
5.128974149395791e-004	-2.710259e+000	2.707684e+000
5.132316243517369e-004	-2.676838e+000	2.710780e+000
5.135658337638947e-004	-2.643417e+000	2.713582e+000
5.139000431760526e-004	-2.609996e+000	2.716088e+000
5.142342525882103e-004	-2.576575e+000	2.718300e+000
5.145684620003681e-004	-2.543154e+000	2.720216e+000
5.146031846031750e-004	-2.539681e+000	2.720397e+000
5.146274916554912e-004	-2.537251e+000	2.720522e+000
5.146278605345253e-004	-2.537214e+000	2.720524e+000
5.147601875344710e-004	-2.523981e+000	2.721176e+000
5.147623702498245e-004	-2.523763e+000	2.721186e+000
5.147629581809792e-004	-2.523704e+000	2.721189e+000
5.147632355733023e-004	-2.523676e+000	2.721190e+000
5.147633739317247e-004	-2.523663e+000	2.721191e+000
5.147634470419175e-004	-2.523655e+000	2.721191e+000
5.147635210856053e-004	-2.523648e+000	2.721192e+000
5.147636008807524e-004	-2.523640e+000	2.721192e+000
5.147637604710461e-004	-2.523624e+000	2.721193e+000
5.147639736827322e-004	-2.523603e+000	2.721194e+000
5.147643414453126e-004	-2.523566e+000	2.721196e+000
5.147685269386868e-004	-2.523147e+000	2.721215e+000
5.147733103596855e-004	-2.522669e+000	2.721238e+000
5.147828772016833e-004	-2.521712e+000	2.721283e+000
5.147963156970736e-004	-2.520368e+000	2.721346e+000
5.148109592540960e-004	-2.518904e+000	2.721414e+000
5.148418388020641e-004	-2.515816e+000	2.721555e+000
5.148636303240381e-004	-2.513637e+000	2.721653e+000
5.149080206771775e-004	-2.509198e+000	2.721849e+000
5.149602862589585e-004	-2.503971e+000	2.722073e+000
5.150043057184812e-004	-2.499569e+000	2.722256e+000
5.150301400293697e-004	-2.496986e+000	2.722361e+000
5.150645857772210e-004	-2.493541e+000	2.722497e+000
5.151334772729231e-004	-2.486652e+000	2.722760e+000
5.152131333573140e-004	-2.478687e+000	2.723047e+000
5.153530986857025e-004	-2.464690e+000	2.723501e+000
5.155954299753329e-004	-2.440457e+000	2.724173e+000
5.158411692939018e-004	-2.415883e+000	2.724725e+000
5.160000000000000e-004	-2.400000e+000	2.725014e+000
5.161009900876284e-004	-2.389901e+000	2.725138e+000
5.162356435377993e-004	-2.376436e+000	2.725254e+000
5.165049504381411e-004	-2.349505e+000	2.725310e+000
5.170538613800684e-004	-2.294614e+000	2.725039e+000
5.174983757771400e-004	-2.250162e+000	2.724143e+000
5.179428901742118e-004	-2.205711e+000	2.722725e+000
5.183874045712834e-004	-2.161260e+000	2.720784e+000
5.188319189683551e-004	-2.116808e+000	2.718321e+000
5.192764333654267e-004	-2.072357e+000	2.715336e+000
5.197209477624985e-004	-2.027905e+000	2.711828e+000
5.201654621595701e-004	-1.983454e+000	2.707798e+000
5.205946008869743e-004	-1.940540e+000	2.703386e+000
5.210237396143786e-004	-1.897626e+000	2.698491e+000
5.214528783417827e-004	-1.854712e+000	2.693113e+000
5.218820170691870e-004	-1.811798e+000	2.687252e+000
5.223111557965911e-004	-1.768884e+000	2.680908e+000
5.227402945239954e-004	-1.725971e+000	2.674082e+000
5.231694332513996e-004	-1.683057e+000	2.666772e+000
5.237166570726282e-004	-1.628334e+000	2.656722e+000
5.242638808938569e-004	-1.573612e+000	2.645904e+000
5.248111047150855e-004	-1.518889e+000	2.634318e+000
5.253583285363142e-004	-1.464167e+000	2.621964e+000
5.259055523575429e-004	-1.409445e+000	2.608843e+000
5.264527761787715e-004	-1.354722e+000	2.594954e+000
5.270000000000001e-004	-1.300000e+000	2.580297e+000
5.274421077059826e-004	-1.255789e+000	2.567868e+000
5.278842154119650e-004	-1.211578e+000	2.554957e+000
5.283263231179475e-004	-1.167368e+000	2.541565e+000
5.287684308239299e-004	-1.123157e+000	2.527692e+000
5.292105385299124e-004	-1.078946e+000	2.513337e+000
5.296526462358948e-004	-1.034735e+000	2.498501e+000
5.300947539418773e-004	-9.905246e-001	2.483184e+000
5.305236502411066e-004	-9.476350e-001	2.467843e+000
5.309525465403358e-004	-9.047453e-001	2.452066e+000
5.313814428395651e-004	-8.618557e-001	2.435854e+000
5.318103391387944e-004	-8.189661e-001	2.419206e+000
5.322392354380237e-004	-7.760764e-001	2.402122e+000
5.326681317372529e-004	-7.331868e-001	2.384604e+000
5.330970280364822e-004	-6.902972e-001	2.366649e+000
5.335259321326073e-004	-6.474068e-001	2.348244e+000
5.339548362287323e-004	-6.045164e-001	2.329426e+000
5.343837403248574e-004	-5.616259e-001	2.310194e+000
5.348126444209825e-004	-5.187355e-001	2.290550e+000
5.352415485171076e-004	-4.758451e-001	2.270493e+000
5.356704526132326e-004	-4.329547e-001	2.250022e+000
5.360993567093578e-004	-3.900643e-001	2.229138e+000
5.380635882939887e-004	-1.936412e-001	2.128401e+000
5.396464582623143e-004	-3.535417e-002	2.041253e+000
5.400000000000001e-004	0.000000e+000	2.021173e+000
