time	V(vin)	V(vout)
0.000000000000000e+000	4.755282e+000	-2.840116e+000
4.790693545982973e-007	4.731491e+000	-2.860034e+000
8.698607616983764e-007	4.711281e+000	-2.875891e+000
1.260652168798456e-006	4.690369e+000	-2.891312e+000
1.651443575898535e-006	4.668755e+000	-2.906299e+000
2.042234982998614e-006	4.646440e+000	-2.920850e+000
2.433026390098693e-006	4.623422e+000	-2.934966e+000
2.823817797198772e-006	4.599702e+000	-2.948646e+000
3.214609204298851e-006	4.575281e+000	-2.961892e+000
6.399714147649034e-006	4.350941e+000	-3.053339e+000
6.666676666666717e-006	4.330126e+000	-3.059674e+000
6.738850182162141e-006	4.324447e+000	-3.061358e+000
6.739890837964991e-006	4.324365e+000	-3.061383e+000
6.845817159975868e-006	4.315988e+000	-3.063806e+000
6.846704276543573e-006	4.315917e+000	-3.063826e+000
6.847742646413912e-006	4.315835e+000	-3.063850e+000
6.848291321008386e-006	4.315792e+000	-3.063862e+000
6.848493651307819e-006	4.315776e+000	-3.063867e+000
6.848579353062323e-006	4.315769e+000	-3.063869e+000
6.848615045796031e-006	4.315766e+000	-3.063869e+000
6.848640588338504e-006	4.315764e+000	-3.063870e+000
6.848663770264067e-006	4.315763e+000	-3.063870e+000
6.848685200388453e-006	4.315761e+000	-3.063871e+000
6.848709489199432e-006	4.315759e+000	-3.063872e+000
6.848758066821175e-006	4.315755e+000	-3.063873e+000
6.848805332628979e-006	4.315751e+000	-3.063874e+000
6.848861157732417e-006	4.315747e+000	-3.063875e+000
6.848930835909274e-006	4.315741e+000	-3.063877e+000
6.849015368373852e-006	4.315734e+000	-3.063879e+000
6.849123627327520e-006	4.315726e+000	-3.063881e+000
6.849265660329416e-006	4.315714e+000	-3.063884e+000
6.849471499868840e-006	4.315698e+000	-3.063889e+000
6.849798465061391e-006	4.315672e+000	-3.063896e+000
6.854313505912568e-006	4.315314e+000	-3.063999e+000
6.859473552599813e-006	4.314905e+000	-3.064116e+000
6.869793645974303e-006	4.314085e+000	-3.064350e+000
6.884931790381585e-006	4.312883e+000	-3.064692e+000
6.898679383909347e-006	4.311790e+000	-3.065003e+000
6.928488349356842e-006	4.309417e+000	-3.065674e+000
6.968844633485540e-006	4.306199e+000	-3.066578e+000
6.989501687612984e-006	4.304549e+000	-3.067040e+000
7.010158741740427e-006	4.302897e+000	-3.067499e+000
7.030815795867870e-006	4.301244e+000	-3.067958e+000
7.051472849995314e-006	4.299589e+000	-3.068415e+000
7.072129904122758e-006	4.297931e+000	-3.068871e+000
7.092786958250200e-006	4.296273e+000	-3.069325e+000
7.113444012377644e-006	4.294612e+000	-3.069778e+000
7.185936649567416e-006	4.288769e+000	-3.071357e+000
7.257954224068131e-006	4.282943e+000	-3.072913e+000
7.334000383398508e-006	4.276767e+000	-3.074535e+000
7.467757938286719e-006	4.265845e+000	-3.077344e+000
7.630114905917687e-006	4.252486e+000	-3.080671e+000
7.940248181234578e-006	4.226661e+000	-3.086871e+000
7.999999999999978e-006	4.221640e+000	-3.088041e+000
8.084648331087383e-006	4.214500e+000	-3.089656e+000
8.197512772537474e-006	4.204934e+000	-3.091769e+000
8.423241655437438e-006	4.185644e+000	-3.095851e+000
8.874699421237368e-006	4.146434e+000	-3.103704e+000
9.270874659479851e-006	4.111337e+000	-3.110040e+000
1.017570483362488e-005	4.028618e+000	-3.122802e+000
1.108053500776991e-005	3.942824e+000	-3.133051e+000
1.198536518191495e-005	3.853956e+000	-3.140787e+000
1.289019535605998e-005	3.762013e+000	-3.146009e+000
1.379502553020501e-005	3.666995e+000	-3.148718e+000
1.469985570435004e-005	3.568903e+000	-3.148913e+000
1.560468587849507e-005	3.467736e+000	-3.146595e+000
1.695558349297419e-005	3.311010e+000	-3.138432e+000
1.830648110745332e-005	3.149081e+000	-3.124758e+000
1.965737872193244e-005	2.981951e+000	-3.105572e+000
2.100827633641156e-005	2.809620e+000	-3.080875e+000
2.235917395089069e-005	2.632087e+000	-3.050667e+000
2.371007156536981e-005	2.449352e+000	-3.014947e+000
2.506096917984893e-005	2.261415e+000	-2.973716e+000
2.566649868455526e-005	2.176101e+000	-2.953525e+000
2.627202818926159e-005	2.090078e+000	-2.932293e+000
2.687755769396791e-005	2.003346e+000	-2.910019e+000
2.748308719867424e-005	1.915904e+000	-2.886703e+000
2.808861670338057e-005	1.827754e+000	-2.862345e+000
2.869414620808689e-005	1.738894e+000	-2.836946e+000
2.929967571279322e-005	1.649325e+000	-2.810504e+000
3.064150408703544e-005	1.448030e+000	-2.748087e+000
3.198333246127766e-005	1.245071e+000	-2.681110e+000
3.332516083551988e-005	1.040449e+000	-2.609573e+000
3.466698920976210e-005	8.341633e-001	-2.533477e+000
3.600881758400432e-005	6.262147e-001	-2.452821e+000
3.735064595824654e-005	4.166029e-001	-2.367606e+000
3.869247433248876e-005	2.053279e-001	-2.277831e+000
3.999999999999989e-005	1.568899e-011	-2.186874e+000
4.060274685898219e-005	-9.475887e-002	-2.143608e+000
4.120549371796450e-005	-1.893989e-001	-2.099613e+000
4.180824057694680e-005	-2.839200e-001	-2.054888e+000
4.241098743592911e-005	-3.783223e-001	-2.009434e+000
4.301373429491141e-005	-4.726056e-001	-1.963250e+000
4.361648115389371e-005	-5.667701e-001	-1.916337e+000
4.421922801287601e-005	-6.608158e-001	-1.868694e+000
4.563579886810913e-005	-8.817124e-001	-1.753586e+000
4.705236972334224e-005	-1.099800e+000	-1.635566e+000
4.846894057857536e-005	-1.315078e+000	-1.514632e+000
4.988551143380848e-005	-1.527546e+000	-1.390785e+000
5.130208228904159e-005	-1.737206e+000	-1.264026e+000
5.271865314427471e-005	-1.944056e+000	-1.134353e+000
5.413522399950782e-005	-2.148097e+000	-1.001768e+000
5.428571428571440e-005	-2.169419e+000	-9.876183e-001
5.448323174215815e-005	-2.197330e+000	-9.690164e-001
5.467507315026982e-005	-2.224359e+000	-9.509147e-001
5.496245956879703e-005	-2.264704e+000	-9.237251e-001
5.524984598732424e-005	-2.304858e+000	-8.964631e-001
5.553723240585145e-005	-2.344818e+000	-8.691289e-001
5.582461882437866e-005	-2.384586e+000	-8.417224e-001
5.611200524290587e-005	-2.424162e+000	-8.142436e-001
5.639939166143308e-005	-2.463545e+000	-7.866925e-001
5.668677807996029e-005	-2.502735e+000	-7.590692e-001
5.668938148159475e-005	-2.503089e+000	-7.588187e-001
5.669091942908135e-005	-2.503299e+000	-7.586707e-001
5.669224219056654e-005	-2.503478e+000	-7.585434e-001
5.669329418163242e-005	-2.503621e+000	-7.584422e-001
5.669675200207234e-005	-2.504092e+000	-7.581095e-001
5.669989807654250e-005	-2.504519e+000	-7.578068e-001
5.670069600350550e-005	-2.504628e+000	-7.577300e-001
5.670146645852950e-005	-2.504733e+000	-7.576559e-001
5.670214731702799e-005	-2.504825e+000	-7.575904e-001
5.670281028667418e-005	-2.504915e+000	-7.575265e-001
5.670609888494744e-005	-2.505362e+000	-7.572101e-001
5.671002420290917e-005	-2.505896e+000	-7.568323e-001
5.671684443764183e-005	-2.506823e+000	-7.561759e-001
5.672436582954046e-005	-2.507845e+000	-7.554520e-001
5.673321680668502e-005	-2.509048e+000	-7.546002e-001
5.674278339299352e-005	-2.510347e+000	-7.536793e-001
5.675468087711598e-005	-2.511963e+000	-7.525340e-001
5.676838047280930e-005	-2.513824e+000	-7.512150e-001
5.678627694892633e-005	-2.516253e+000	-7.494918e-001
5.681135142222567e-005	-2.519656e+000	-7.470770e-001
5.683159711200852e-005	-2.522403e+000	-7.451269e-001
5.685177447590996e-005	-2.525139e+000	-7.431830e-001
5.687461136748935e-005	-2.528234e+000	-7.409826e-001
5.689877624286458e-005	-2.531508e+000	-7.386538e-001
5.693110274945117e-005	-2.535886e+000	-7.355376e-001
5.697158548429089e-005	-2.541364e+000	-7.316343e-001
5.699999999999998e-005	-2.545207e+000	-7.288940e-001
5.700507012822392e-005	-2.545892e+000	-7.284049e-001
5.701521038467181e-005	-2.547263e+000	-7.274267e-001
5.703549089756781e-005	-2.550004e+000	-7.254700e-001
5.707605192335980e-005	-2.555482e+000	-7.215555e-001
5.713906943143076e-005	-2.563986e+000	-7.154716e-001
5.721154519930534e-005	-2.573753e+000	-7.084712e-001
5.728558736757582e-005	-2.583717e+000	-7.013149e-001
5.740534396322808e-005	-2.599804e+000	-6.897320e-001
5.752968961802497e-005	-2.616468e+000	-6.776947e-001
5.768114729116491e-005	-2.636712e+000	-6.630182e-001
5.784192776408918e-005	-2.658136e+000	-6.474218e-001
5.801677037777018e-005	-2.681358e+000	-6.304458e-001
5.811739264439215e-005	-2.694685e+000	-6.206631e-001
5.825155566655470e-005	-2.712413e+000	-6.076070e-001
5.851988171087980e-005	-2.747724e+000	-5.814556e-001
5.900000000000003e-005	-2.810417e+000	-5.345988e-001
5.916099562659522e-005	-2.831297e+000	-5.188462e-001
5.937565646205525e-005	-2.859024e+000	-4.978174e-001
5.979349345825152e-005	-2.912622e+000	-4.568339e-001
5.999999999999994e-005	-2.938926e+000	-4.365569e-001
6.004524882280492e-005	-2.944674e+000	-4.321080e-001
6.013574646841487e-005	-2.956150e+000	-4.232075e-001
6.031674175963455e-005	-2.979032e+000	-4.053940e-001
6.063938567649760e-005	-3.019581e+000	-3.736067e-001
6.100000000000007e-005	-3.064535e+000	-3.380466e-001
6.104533305221430e-005	-3.070159e+000	-3.335706e-001
6.113599915664276e-005	-3.081387e+000	-3.246165e-001
6.131733136549990e-005	-3.103769e+000	-3.066978e-001
6.167999578321395e-005	-3.148229e+000	-2.708321e-001
6.199999999999999e-005	-3.187120e+000	-2.391635e-001
6.219361533634058e-005	-3.210495e+000	-2.199806e-001
6.245176911812817e-005	-3.241476e+000	-1.943869e-001
6.299999999999991e-005	-3.306559e+000	-1.400045e-001
6.344692645615158e-005	-3.358892e+000	-9.561925e-002
6.408460090220739e-005	-3.432411e+000	-3.225606e-002
6.455790671034466e-005	-3.486119e+000	1.482485e-002
6.503121251848195e-005	-3.539028e+000	6.188591e-002
6.550451832661922e-005	-3.591137e+000	1.089271e-001
6.597782413475649e-005	-3.642447e+000	1.559485e-001
6.645112994289377e-005	-3.692957e+000	2.029501e-001
6.692443575103104e-005	-3.742667e+000	2.499318e-001
6.739774155916831e-005	-3.791578e+000	2.968937e-001
7.007910921863936e-005	-4.052377e+000	5.614730e-001
7.015874015873038e-005	-4.059691e+000	5.692841e-001
7.019963089984231e-005	-4.063437e+000	5.732943e-001
7.020024033575724e-005	-4.063493e+000	5.733541e-001
7.031808945447680e-005	-4.074252e+000	5.849054e-001
7.032098595642806e-005	-4.074515e+000	5.851892e-001
7.032199042254880e-005	-4.074606e+000	5.852876e-001
7.032241703681225e-005	-4.074646e+000	5.853295e-001
7.032258438335621e-005	-4.074661e+000	5.853459e-001
7.032270725359753e-005	-4.074672e+000	5.853579e-001
7.032276393993632e-005	-4.074677e+000	5.853634e-001
7.032283366531695e-005	-4.074683e+000	5.853703e-001
7.032290066630092e-005	-4.074689e+000	5.853769e-001
7.032303466826886e-005	-4.074702e+000	5.853900e-001
7.032318438336899e-005	-4.074715e+000	5.854046e-001
7.032344640617565e-005	-4.074739e+000	5.854303e-001
7.032379547682694e-005	-4.074771e+000	5.854645e-001
7.032588990073404e-005	-4.074962e+000	5.856698e-001
7.032868246594349e-005	-4.075216e+000	5.859433e-001
7.033426759636263e-005	-4.075724e+000	5.864906e-001
7.034543785720089e-005	-4.076740e+000	5.875850e-001
7.036009829352241e-005	-4.078073e+000	5.890213e-001
7.037425246725370e-005	-4.079359e+000	5.904078e-001
7.040537257094626e-005	-4.082184e+000	5.934560e-001
7.044886768524448e-005	-4.086125e+000	5.977154e-001
7.049697019980913e-005	-4.090475e+000	6.024249e-001
7.052218938064718e-005	-4.092752e+000	6.048934e-001
7.055635109660821e-005	-4.095832e+000	6.082367e-001
7.059715750623607e-005	-4.099505e+000	6.122293e-001
7.066228995705943e-005	-4.105354e+000	6.186002e-001
7.073506634937754e-005	-4.111868e+000	6.257160e-001
7.082034195496963e-005	-4.119475e+000	6.340492e-001
7.099999999999988e-005	-4.135403e+000	6.515964e-001
7.105464100307492e-005	-4.140221e+000	6.569282e-001
7.112749567384164e-005	-4.146626e+000	6.640341e-001
7.127320501537507e-005	-4.159372e+000	6.782334e-001
7.156462369844194e-005	-4.184601e+000	7.065896e-001
7.197282529974479e-005	-4.219351e+000	7.462515e-001
7.215359047663475e-005	-4.234518e+000	7.637687e-001
7.276795238317368e-005	-4.285041e+000	8.231236e-001
7.326568303193827e-005	-4.324827e+000	8.710441e-001
7.376341368070286e-005	-4.363531e+000	9.187347e-001
7.426114432946744e-005	-4.401156e+000	9.661951e-001
7.475887497823202e-005	-4.437700e+000	1.013426e+000
7.525660562699660e-005	-4.473164e+000	1.060426e+000
7.575433627576119e-005	-4.507548e+000	1.107196e+000
7.625206692452578e-005	-4.540852e+000	1.153736e+000
7.695929864282861e-005	-4.586279e+000	1.219443e+000
7.766653036113145e-005	-4.629392e+000	1.284496e+000
7.837376207943430e-005	-4.670192e+000	1.348895e+000
7.908099379773713e-005	-4.708678e+000	1.412640e+000
7.978822551603997e-005	-4.744850e+000	1.475732e+000
8.049545723434280e-005	-4.778709e+000	1.538170e+000
8.120268895264564e-005	-4.810254e+000	1.599954e+000
8.163112843920500e-005	-4.828188e+000	1.636983e+000
8.205956792576435e-005	-4.845241e+000	1.673710e+000
8.248800741232371e-005	-4.861412e+000	1.710135e+000
8.291644689888307e-005	-4.876701e+000	1.746258e+000
8.334488638544243e-005	-4.891108e+000	1.782078e+000
8.377332587200179e-005	-4.904633e+000	1.817596e+000
8.420176535856114e-005	-4.917276e+000	1.852811e+000
8.466825876575926e-005	-4.930027e+000	1.890790e+000
8.513475217295740e-005	-4.941714e+000	1.928353e+000
8.560124558015552e-005	-4.952336e+000	1.965501e+000
8.606773898735364e-005	-4.961894e+000	2.002232e+000
8.653423239455177e-005	-4.970387e+000	2.038548e+000
8.700072580174989e-005	-4.977816e+000	2.074447e+000
8.746721920894801e-005	-4.984180e+000	2.109931e+000
8.783379641027413e-005	-4.988427e+000	2.137517e+000
8.820037361160022e-005	-4.992012e+000	2.164818e+000
8.856695081292634e-005	-4.994934e+000	2.191834e+000
8.893352801425245e-005	-4.997194e+000	2.218565e+000
8.930010521557856e-005	-4.998791e+000	2.245010e+000
8.966668241690466e-005	-4.999725e+000	2.271171e+000
9.003325961823077e-005	-4.999997e+000	2.297047e+000
9.034545148085525e-005	-4.999705e+000	2.318835e+000
9.065764334347975e-005	-4.998933e+000	2.340402e+000
9.096983520610423e-005	-4.997679e+000	2.361748e+000
9.128202706872871e-005	-4.995945e+000	2.382874e+000
9.159421893135319e-005	-4.993731e+000	2.403779e+000
9.190641079397769e-005	-4.991036e+000	2.424463e+000
9.221860265660217e-005	-4.987860e+000	2.444927e+000
9.248258010774477e-005	-4.984800e+000	2.462046e+000
9.274655755888738e-005	-4.981398e+000	2.478998e+000
9.301053501002998e-005	-4.977654e+000	2.495785e+000
9.327451246117257e-005	-4.973567e+000	2.512405e+000
9.353848991231517e-005	-4.969139e+000	2.528858e+000
9.380246736345777e-005	-4.964368e+000	2.545145e+000
9.406644481460037e-005	-4.959255e+000	2.561266e+000
9.451425743017834e-005	-4.949796e+000	2.588205e+000
9.496207004575629e-005	-4.939364e+000	2.614632e+000
9.540988266133426e-005	-4.927958e+000	2.640549e+000
9.585769527691222e-005	-4.915578e+000	2.665953e+000
9.630550789249018e-005	-4.902224e+000	2.690847e+000
9.675332050806815e-005	-4.887896e+000	2.715229e+000
9.720113312364611e-005	-4.872594e+000	2.739100e+000
9.746775358877438e-005	-4.863028e+000	2.753049e+000
9.773437405390268e-005	-4.853122e+000	2.766809e+000
9.800099451903095e-005	-4.842876e+000	2.780380e+000
9.826761498415925e-005	-4.832292e+000	2.793762e+000
9.853423544928752e-005	-4.821367e+000	2.806956e+000
9.880085591441582e-005	-4.810104e+000	2.819960e+000
9.906747637954409e-005	-4.798501e+000	2.832775e+000
9.949617774844708e-005	-4.779132e+000	2.852948e+000
9.992487911735006e-005	-4.758906e+000	2.872610e+000
1.003535804862530e-004	-4.737822e+000	2.891760e+000
1.007822818551560e-004	-4.715882e+000	2.910399e+000
1.012109832240590e-004	-4.693084e+000	2.928527e+000
1.016396845929620e-004	-4.669429e+000	2.946143e+000
1.020683859618650e-004	-4.644917e+000	2.963248e+000
1.023759144262832e-004	-4.626817e+000	2.975171e+000
1.026834428907014e-004	-4.608290e+000	2.986821e+000
1.029909713551197e-004	-4.589334e+000	2.998198e+000
1.032984998195379e-004	-4.569952e+000	3.009302e+000
1.036060282839561e-004	-4.550142e+000	3.020133e+000
1.039135567483744e-004	-4.529905e+000	3.030690e+000
1.042210852127926e-004	-4.509240e+000	3.040974e+000
1.046180730395365e-004	-4.481936e+000	3.053832e+000
1.050150608662804e-004	-4.453947e+000	3.066223e+000
1.054120486930243e-004	-4.425271e+000	3.078145e+000
1.058090365197682e-004	-4.395910e+000	3.089599e+000
1.062060243465121e-004	-4.365863e+000	3.100586e+000
1.066030121732560e-004	-4.335129e+000	3.111104e+000
1.069999999999999e-004	-4.303710e+000	3.121155e+000
1.090444521967564e-004	-4.131474e+000	3.165229e+000
1.100711235148104e-004	-4.038508e+000	3.182528e+000
1.102280426555900e-004	-4.023925e+000	3.184865e+000
1.103849617963697e-004	-4.009246e+000	3.187133e+000
1.105418809371494e-004	-3.994469e+000	3.189332e+000
1.106988000779291e-004	-3.979596e+000	3.191461e+000
1.108557192187088e-004	-3.964626e+000	3.193520e+000
1.110126383594884e-004	-3.949559e+000	3.195510e+000
1.111695575002681e-004	-3.934395e+000	3.197431e+000
1.119999999999999e-004	-3.852566e+000	3.206234e+000
1.130525634316204e-004	-3.745090e+000	3.214269e+000
1.140000000000000e-004	-3.644843e+000	3.218560e+000
1.150000000000001e-004	-3.535534e+000	3.220028e+000
1.169999999999999e-004	-3.306559e+000	3.213576e+000
1.174117433824511e-004	-3.257770e+000	3.210624e+000
1.177777777777781e-004	-3.213938e+000	3.207624e+000
1.180000000000001e-004	-3.187120e+000	3.205660e+000
1.190000000000000e-004	-3.064535e+000	3.194628e+000
1.199999999999999e-004	-2.938926e+000	3.180474e+000
1.201752719352865e-004	-2.916608e+000	3.177668e+000
1.201756347048093e-004	-2.916562e+000	3.177663e+000
1.201758390882404e-004	-2.916536e+000	3.177659e+000
1.201759937629148e-004	-2.916516e+000	3.177657e+000
1.201761703265197e-004	-2.916494e+000	3.177654e+000
1.201763756838012e-004	-2.916467e+000	3.177650e+000
1.201764494633622e-004	-2.916458e+000	3.177649e+000
1.201764892043336e-004	-2.916453e+000	3.177649e+000
1.201765071947420e-004	-2.916451e+000	3.177648e+000
1.201765133847714e-004	-2.916450e+000	3.177648e+000
1.201765213934155e-004	-2.916449e+000	3.177648e+000
1.201765245526637e-004	-2.916448e+000	3.177648e+000
1.201765296430077e-004	-2.916448e+000	3.177648e+000
1.201765398236953e-004	-2.916446e+000	3.177648e+000
1.201765601850707e-004	-2.916444e+000	3.177648e+000
1.201766009078216e-004	-2.916439e+000	3.177647e+000
1.201766823533232e-004	-2.916428e+000	3.177645e+000
1.201767957473977e-004	-2.916414e+000	3.177644e+000
1.201769257870272e-004	-2.916397e+000	3.177642e+000
1.201770920163598e-004	-2.916376e+000	3.177639e+000
1.201772967127804e-004	-2.916350e+000	3.177635e+000
1.201775548482084e-004	-2.916317e+000	3.177631e+000
1.201778646659399e-004	-2.916277e+000	3.177626e+000
1.201782412647036e-004	-2.916229e+000	3.177620e+000
1.201792404249924e-004	-2.916102e+000	3.177604e+000
1.201818805878357e-004	-2.915765e+000	3.177561e+000
1.201832867991164e-004	-2.915586e+000	3.177538e+000
1.201851139695099e-004	-2.915352e+000	3.177508e+000
1.201875090552330e-004	-2.915047e+000	3.177469e+000
1.201906999825364e-004	-2.914639e+000	3.177418e+000
1.201949297011367e-004	-2.914100e+000	3.177349e+000
1.201990467301092e-004	-2.913574e+000	3.177282e+000
1.202039146530069e-004	-2.912953e+000	3.177202e+000
1.202089073013843e-004	-2.912315e+000	3.177120e+000
1.202149364419056e-004	-2.911545e+000	3.177022e+000
1.202213697499587e-004	-2.910724e+000	3.176917e+000
1.202291944864865e-004	-2.909724e+000	3.176788e+000
1.202392835504963e-004	-2.908435e+000	3.176623e+000
1.202535450476987e-004	-2.906613e+000	3.176388e+000
1.202742457160099e-004	-2.903966e+000	3.176046e+000
1.202926414499554e-004	-2.901614e+000	3.175741e+000
1.203102770994896e-004	-2.899357e+000	3.175448e+000
1.203297811756122e-004	-2.896861e+000	3.175122e+000
1.203522827164349e-004	-2.893979e+000	3.174746e+000
1.203743175037060e-004	-2.891156e+000	3.174375e+000
1.204001703531200e-004	-2.887842e+000	3.173938e+000
1.204352516093851e-004	-2.883341e+000	3.173342e+000
1.204628841050680e-004	-2.879794e+000	3.172870e+000
1.204930216341289e-004	-2.875923e+000	3.172353e+000
1.205250458832122e-004	-2.871807e+000	3.171799e+000
1.205687417604414e-004	-2.866185e+000	3.171039e+000
1.206136984803121e-004	-2.860396e+000	3.170251e+000
1.206669896106345e-004	-2.853526e+000	3.169309e+000
1.207241565479018e-004	-2.846148e+000	3.168287e+000
1.208138163186936e-004	-2.834557e+000	3.166664e+000
1.209098476487875e-004	-2.822118e+000	3.164907e+000
1.209211166926891e-004	-2.820657e+000	3.164699e+000
1.209303230990908e-004	-2.819462e+000	3.164528e+000
1.209395295054925e-004	-2.818268e+000	3.164357e+000
1.209487359118941e-004	-2.817073e+000	3.164185e+000
1.209579423182958e-004	-2.815878e+000	3.164014e+000
1.209671487246975e-004	-2.814683e+000	3.163842e+000
1.209763551310992e-004	-2.813488e+000	3.163670e+000
1.209855615375009e-004	-2.812292e+000	3.163497e+000
1.210000000000000e-004	-2.810417e+000	3.163227e+000
1.210135228526818e-004	-2.808660e+000	3.162972e+000
1.210315533229243e-004	-2.806316e+000	3.162632e+000
1.210676142634093e-004	-2.801626e+000	3.161948e+000
1.211397361443793e-004	-2.792236e+000	3.160564e+000
1.212839799063193e-004	-2.773412e+000	3.157743e+000
1.215102781960829e-004	-2.743765e+000	3.153176e+000
1.218848152928415e-004	-2.694393e+000	3.145369e+000
1.219999999999999e-004	-2.679134e+000	3.142905e+000
1.220496000175410e-004	-2.672552e+000	3.141811e+000
1.221488000526232e-004	-2.659370e+000	3.139600e+000
1.223472001227876e-004	-2.632927e+000	3.135068e+000
1.227440002631161e-004	-2.579737e+000	3.125715e+000
1.230000000000001e-004	-2.545207e+000	3.119516e+000
1.231763661175313e-004	-2.521322e+000	3.115049e+000
1.234115209409062e-004	-2.489356e+000	3.108918e+000
1.238818305876561e-004	-2.425018e+000	3.096322e+000
1.240000000000000e-004	-2.408768e+000	3.093084e+000
1.241689504658233e-004	-2.385478e+000	3.088296e+000
1.243942177535874e-004	-2.354321e+000	3.081754e+000
1.248447523291157e-004	-2.291654e+000	3.068351e+000
1.249999999999999e-004	-2.269953e+000	3.063635e+000
1.251907300889911e-004	-2.243217e+000	3.057649e+000
1.254450368743125e-004	-2.207446e+000	3.049467e+000
1.259536504449555e-004	-2.135482e+000	3.032748e+000
1.260720266278046e-004	-2.118654e+000	3.028733e+000
1.262160798834141e-004	-2.098136e+000	3.023760e+000
1.265041863946330e-004	-2.056973e+000	3.013608e+000
1.269999999999999e-004	-1.985739e+000	2.995797e+000
1.274033491157063e-004	-1.927435e+000	2.980610e+000
1.280000000000001e-004	-1.840623e+000	2.957476e+000
1.286453585851303e-004	-1.745997e+000	2.931107e+000
1.290737552668720e-004	-1.682785e+000	2.913094e+000
1.300590042134975e-004	-1.536268e+000	2.869502e+000
1.304877779422295e-004	-1.472007e+000	2.849648e+000
1.309165516709615e-004	-1.407509e+000	2.829298e+000
1.313453253996935e-004	-1.342773e+000	2.808451e+000
1.317740991284256e-004	-1.277800e+000	2.787107e+000
1.322028728571576e-004	-1.212588e+000	2.765265e+000
1.326316465858896e-004	-1.147139e+000	2.742927e+000
1.330604203146216e-004	-1.081452e+000	2.720092e+000
1.334229422023509e-004	-1.025786e+000	2.700366e+000
1.336508036507938e-004	-9.907292e-001	2.687835e+000
1.337280406946691e-004	-9.788345e-001	2.683559e+000
1.337293336164983e-004	-9.786353e-001	2.683487e+000
1.338326002850551e-004	-9.627228e-001	2.677730e+000
1.338383766638404e-004	-9.618325e-001	2.677408e+000
1.338412798790093e-004	-9.613849e-001	2.677245e+000
1.338422464175764e-004	-9.612359e-001	2.677191e+000
1.338426829956788e-004	-9.611686e-001	2.677167e+000
1.338429998450235e-004	-9.611198e-001	2.677149e+000
1.338431684455637e-004	-9.610938e-001	2.677140e+000
1.338433670455535e-004	-9.610632e-001	2.677129e+000
1.338435819210021e-004	-9.610301e-001	2.677117e+000
1.338463528805247e-004	-9.606029e-001	2.676962e+000
1.338495196914077e-004	-9.601147e-001	2.676785e+000
1.338558533131736e-004	-9.591383e-001	2.676430e+000
1.338685205567055e-004	-9.571854e-001	2.675721e+000
1.338844795242141e-004	-9.547248e-001	2.674828e+000
1.339015950596466e-004	-9.520857e-001	2.673868e+000
1.339213407129071e-004	-9.490406e-001	2.672761e+000
1.339468752884021e-004	-9.451023e-001	2.671327e+000
1.340000000000000e-004	-9.369066e-001	2.668339e+000
1.340302137931646e-004	-9.322442e-001	2.666636e+000
1.340647438424958e-004	-9.269148e-001	2.664686e+000
1.341329905430715e-004	-9.163784e-001	2.660822e+000
1.342212684161824e-004	-9.027431e-001	2.655807e+000
1.343285086926418e-004	-8.861696e-001	2.649688e+000
1.344534310319485e-004	-8.668507e-001	2.642514e+000
1.347032757105619e-004	-8.281732e-001	2.628049e+000
1.349464959341906e-004	-7.904721e-001	2.613862e+000
1.349999999999999e-004	-7.821723e-001	2.610723e+000
1.351090352636492e-004	-7.652514e-001	2.604276e+000
1.352544156151816e-004	-7.426763e-001	2.595625e+000
1.355451763182464e-004	-6.974800e-001	2.578146e+000
1.361744564218389e-004	-5.994694e-001	2.539771e+000
1.364458818958597e-004	-5.571128e-001	2.522873e+000
1.367173073698805e-004	-5.147232e-001	2.505799e+000
1.369887328439013e-004	-4.723009e-001	2.488550e+000
1.372601583179221e-004	-4.298456e-001	2.471125e+000
1.375315837919429e-004	-3.873575e-001	2.453524e+000
1.378030092659636e-004	-3.448365e-001	2.435748e+000
1.380744347399844e-004	-3.022826e-001	2.417796e+000
1.399999999999999e-004	-1.576747e-011	2.285453e+000
1.404362606766235e-004	6.855716e-002	2.254263e+000
1.408725213532471e-004	1.370695e-001	2.222671e+000
1.413087820298706e-004	2.055369e-001	2.190678e+000
1.417450427064942e-004	2.739595e-001	2.158284e+000
1.421813033831178e-004	3.423372e-001	2.125488e+000
1.426175640597413e-004	4.106701e-001	2.092290e+000
1.430538247363649e-004	4.789581e-001	2.058691e+000
1.435298234469219e-004	5.533684e-001	2.021565e+000
1.440058221574789e-004	6.276137e-001	1.984009e+000
1.444818208680359e-004	7.016941e-001	1.946024e+000
1.449578195785929e-004	7.756096e-001	1.907609e+000
1.454338182891499e-004	8.493602e-001	1.868765e+000
1.459098169997069e-004	9.229459e-001	1.829490e+000
1.463858157102638e-004	9.963666e-001	1.789786e+000
1.466264919171473e-004	1.033390e+000	1.769576e+000
1.468671681240308e-004	1.070348e+000	1.749266e+000
1.471078443309143e-004	1.107243e+000	1.728858e+000
1.473485205377978e-004	1.144073e+000	1.708351e+000
1.475891967446813e-004	1.180840e+000	1.687745e+000
1.478298729515648e-004	1.217542e+000	1.667040e+000
1.480705491584483e-004	1.254180e+000	1.646237e+000
1.482597671768571e-004	1.282933e+000	1.629812e+000
1.484489851952659e-004	1.311638e+000	1.613330e+000
1.486382032136748e-004	1.340294e+000	1.596790e+000
1.488274212320836e-004	1.368903e+000	1.580193e+000
1.490166392504924e-004	1.397464e+000	1.563539e+000
1.492058572689013e-004	1.425976e+000	1.546828e+000
1.493950752873101e-004	1.454441e+000	1.530059e+000
1.500000000000000e-004	1.545085e+000	1.476160e+000
1.502709087684412e-004	1.585500e+000	1.451801e+000
1.506321204596962e-004	1.639208e+000	1.419174e+000
1.509999999999999e-004	1.693690e+000	1.385827e+000
1.510722423382510e-004	1.704362e+000	1.379241e+000
1.512167270147529e-004	1.725681e+000	1.366049e+000
1.515056963677568e-004	1.768211e+000	1.339569e+000
1.520000000000000e-004	1.840623e+000	1.294123e+000
1.520577938706007e-004	1.849060e+000	1.288780e+000
1.521733816118023e-004	1.865918e+000	1.278080e+000
1.524045570942055e-004	1.899558e+000	1.256620e+000
1.528669080590119e-004	1.966536e+000	1.213564e+000
1.529999999999999e-004	1.985739e+000	1.201136e+000
1.536472913507289e-004	2.078636e+000	1.140264e+000
1.540000000000001e-004	2.128896e+000	1.106953e+000
1.542219284631071e-004	2.160387e+000	1.085884e+000
1.545178330805833e-004	2.202211e+000	1.057705e+000
1.550000000000000e-004	2.269953e+000	1.011669e+000
1.554142664644666e-004	2.327739e+000	9.718674e-001
1.560946894775923e-004	2.421792e+000	9.062032e-001
1.566627494246111e-004	2.499528e+000	8.509937e-001
1.572308093716299e-004	2.576408e+000	7.955539e-001
1.577988693186487e-004	2.652431e+000	7.398837e-001
1.583669292656675e-004	2.727597e+000	6.839832e-001
1.589349892126864e-004	2.801906e+000	6.278524e-001
1.595030491597052e-004	2.875359e+000	5.714913e-001
1.600711091067240e-004	2.947955e+000	5.148998e-001
1.609999999999999e-004	3.064535e+000	4.220714e-001
1.615978264133286e-004	3.138254e+000	3.620674e-001
1.621956528266573e-004	3.210803e+000	3.019819e-001
1.627934792399859e-004	3.282182e+000	2.418148e-001
1.633913056533146e-004	3.352391e+000	1.815660e-001
1.639891320666433e-004	3.421430e+000	1.212356e-001
1.645869584799719e-004	3.489299e+000	6.082367e-002
1.651847848933006e-004	3.555999e+000	3.300891e-004
1.655869584799719e-004	3.600141e+000	-4.035302e-002
1.659891320666433e-004	3.643691e+000	-8.101790e-002
1.663913056533146e-004	3.686650e+000	-1.216646e-001
1.667934792399860e-004	3.729017e+000	-1.622930e-001
1.671956528266573e-004	3.770792e+000	-2.029032e-001
1.675978264133286e-004	3.811975e+000	-2.434952e-001
1.680000000000000e-004	3.852566e+000	-2.840690e-001
1.687209427264540e-004	3.923842e+000	-3.567530e-001
1.694418854529079e-004	3.993019e+000	-4.291779e-001
1.701628281793619e-004	4.060098e+000	-5.013437e-001
1.708837709058159e-004	4.125079e+000	-5.732503e-001
1.716047136322699e-004	4.187962e+000	-6.448978e-001
1.723256563587238e-004	4.248746e+000	-7.162863e-001
1.730465990851778e-004	4.307432e+000	-7.874156e-001
1.735418276157812e-004	4.346432e+000	-8.360181e-001
1.740370561463846e-004	4.384358e+000	-8.843952e-001
1.745322846769880e-004	4.421209e+000	-9.325471e-001
1.750275132075915e-004	4.456985e+000	-9.804737e-001
1.755227417381949e-004	4.491688e+000	-1.028175e+000
1.760179702687983e-004	4.525316e+000	-1.075651e+000
1.765131987994017e-004	4.557869e+000	-1.122901e+000
1.771848782260359e-004	4.600270e+000	-1.186612e+000
1.778565576526702e-004	4.640581e+000	-1.249741e+000
1.785282370793044e-004	4.678802e+000	-1.312286e+000
1.791999165059386e-004	4.714932e+000	-1.374250e+000
1.798715959325728e-004	4.748971e+000	-1.435630e+000
1.805432753592070e-004	4.780920e+000	-1.496428e+000
1.812149547858412e-004	4.810779e+000	-1.556643e+000
1.812698412698415e-004	4.813121e+000	-1.561528e+000
1.813796142378422e-004	4.817763e+000	-1.571282e+000
1.815036932625463e-004	4.822940e+000	-1.582287e+000
1.835996776765514e-004	4.899265e+000	-1.764536e+000
1.836047989903216e-004	4.899426e+000	-1.764972e+000
1.836075171363048e-004	4.899511e+000	-1.765204e+000
1.836093523766823e-004	4.899569e+000	-1.765360e+000
1.836108081377755e-004	4.899614e+000	-1.765484e+000
1.836124511036784e-004	4.899665e+000	-1.765624e+000
1.836151447095840e-004	4.899750e+000	-1.765854e+000
1.836181552382886e-004	4.899844e+000	-1.766110e+000
1.836184951232631e-004	4.899855e+000	-1.766139e+000
1.836188028578520e-004	4.899864e+000	-1.766165e+000
1.836191848851691e-004	4.899876e+000	-1.766198e+000
1.836193142837801e-004	4.899880e+000	-1.766209e+000
1.836195290897363e-004	4.899887e+000	-1.766227e+000
1.836197490194327e-004	4.899894e+000	-1.766246e+000
1.836200293265215e-004	4.899903e+000	-1.766270e+000
1.836203790053358e-004	4.899914e+000	-1.766300e+000
1.836207728545872e-004	4.899926e+000	-1.766333e+000
1.836213443815802e-004	4.899944e+000	-1.766382e+000
1.836219694252102e-004	4.899963e+000	-1.766435e+000
1.836255962746091e-004	4.900077e+000	-1.766744e+000
1.836275424923195e-004	4.900137e+000	-1.766910e+000
1.836305094446078e-004	4.900230e+000	-1.767163e+000
1.836346507910528e-004	4.900359e+000	-1.767515e+000
1.836418721603253e-004	4.900585e+000	-1.768130e+000
1.836493571515526e-004	4.900818e+000	-1.768768e+000
1.836594106251319e-004	4.901131e+000	-1.769624e+000
1.836706541767179e-004	4.901480e+000	-1.770580e+000
1.836871078106255e-004	4.901989e+000	-1.771980e+000
1.837085207417844e-004	4.902651e+000	-1.773802e+000
1.837381926158451e-004	4.903564e+000	-1.776324e+000
1.837643970887051e-004	4.904367e+000	-1.778551e+000
1.838224928315602e-004	4.906135e+000	-1.783483e+000
1.838588855596051e-004	4.907235e+000	-1.786569e+000
1.839043062014051e-004	4.908597e+000	-1.790418e+000
1.839508469772787e-004	4.909984e+000	-1.794358e+000
1.839999999999999e-004	4.911436e+000	-1.798516e+000
1.840050122867477e-004	4.911584e+000	-1.798940e+000
1.840150368602432e-004	4.911878e+000	-1.799787e+000
1.841553808891818e-004	4.915951e+000	-1.811626e+000
1.842834029153319e-004	4.919583e+000	-1.822396e+000
1.844296761400982e-004	4.923635e+000	-1.834668e+000
1.845871558812870e-004	4.927882e+000	-1.847842e+000
1.847125515263182e-004	4.931177e+000	-1.858297e+000
1.848897035389853e-004	4.935702e+000	-1.873023e+000
1.850000000000001e-004	4.938442e+000	-1.882171e+000
1.850754002995607e-004	4.940280e+000	-1.888402e+000
1.851759340323084e-004	4.942689e+000	-1.896692e+000
1.853770014978036e-004	4.947359e+000	-1.913202e+000
1.857791364287941e-004	4.956106e+000	-1.946048e+000
1.860000000000000e-004	4.960574e+000	-1.964003e+000
1.860606897380519e-004	4.961759e+000	-1.968903e+000
1.861820692141555e-004	4.964077e+000	-1.978683e+000
1.864248281663629e-004	4.968495e+000	-1.998152e+000
1.867783604756769e-004	4.974413e+000	-2.026345e+000
1.869999999999999e-004	4.977810e+000	-2.043932e+000
1.872121193855884e-004	4.980835e+000	-2.060610e+000
1.874949452330397e-004	4.984524e+000	-2.082713e+000
1.878322005362679e-004	4.988410e+000	-2.108911e+000
1.880000000000000e-004	4.990134e+000	-2.121878e+000
1.882023531819370e-004	4.992029e+000	-2.137381e+000
1.884721574245195e-004	4.994241e+000	-2.157922e+000
1.888082874335155e-004	4.996496e+000	-2.183347e+000
1.890672260017991e-004	4.997853e+000	-2.202787e+000
1.894705820125941e-004	4.999309e+000	-2.232717e+000
1.900336437923480e-004	4.999997e+000	-2.273968e+000
1.905046568852202e-004	4.999372e+000	-2.307842e+000
1.911614902032704e-004	4.996672e+000	-2.354410e+000
1.915813716265194e-004	4.993829e+000	-2.383628e+000
1.920012530497683e-004	4.990119e+000	-2.412428e+000
1.924211344730173e-004	4.985542e+000	-2.440811e+000
1.928410158962663e-004	4.980099e+000	-2.468776e+000
1.932608973195153e-004	4.973788e+000	-2.496324e+000
1.936807787427642e-004	4.966611e+000	-2.523455e+000
1.941006601660132e-004	4.958567e+000	-2.550168e+000
1.945306773903495e-004	4.949432e+000	-2.577046e+000
1.949606946146858e-004	4.939398e+000	-2.603454e+000
1.953907118390221e-004	4.928467e+000	-2.629391e+000
1.958207290633583e-004	4.916637e+000	-2.654857e+000
1.962507462876946e-004	4.903909e+000	-2.679853e+000
1.966807635120309e-004	4.890283e+000	-2.704378e+000
1.971107807363672e-004	4.875758e+000	-2.728433e+000
1.971428671428573e-004	4.874639e+000	-2.730207e+000
1.971664674757872e-004	4.873813e+000	-2.731510e+000
1.971668268684103e-004	4.873800e+000	-2.731529e+000
1.972936535257876e-004	4.869314e+000	-2.738504e+000
1.972981050232163e-004	4.869155e+000	-2.738748e+000
1.972993027061741e-004	4.869112e+000	-2.738814e+000
1.972998681965780e-004	4.869092e+000	-2.738845e+000
1.973001019965875e-004	4.869084e+000	-2.738858e+000
1.973002445926030e-004	4.869079e+000	-2.738865e+000
1.973003467258387e-004	4.869075e+000	-2.738871e+000
1.973004652615386e-004	4.869071e+000	-2.738878e+000
1.973007023329384e-004	4.869062e+000	-2.738890e+000
1.973011764757381e-004	4.869045e+000	-2.738916e+000
1.973040213325366e-004	4.868944e+000	-2.739072e+000
1.973078144749344e-004	4.868808e+000	-2.739280e+000
1.973154007597303e-004	4.868537e+000	-2.739696e+000
1.973283978784334e-004	4.868072e+000	-2.740407e+000
1.973425092509217e-004	4.867565e+000	-2.741179e+000
1.973716992451926e-004	4.866515e+000	-2.742774e+000
1.974132056524981e-004	4.865014e+000	-2.745039e+000
1.974508991637871e-004	4.863644e+000	-2.747092e+000
1.974985485661764e-004	4.861903e+000	-2.749681e+000
1.975291652529432e-004	4.860778e+000	-2.751341e+000
1.975674701840200e-004	4.859365e+000	-2.753414e+000
1.976243783539601e-004	4.857252e+000	-2.756487e+000
1.976910101387822e-004	4.854758e+000	-2.760075e+000
1.977604425543972e-004	4.852137e+000	-2.763798e+000
1.978872556917095e-004	4.847290e+000	-2.770566e+000
1.980000000000000e-004	4.842916e+000	-2.776561e+000
1.980516257056586e-004	4.840893e+000	-2.779287e+000
1.981204599798702e-004	4.838175e+000	-2.782910e+000
1.982581285282932e-004	4.832673e+000	-2.790106e+000
1.985334656251392e-004	4.821397e+000	-2.804356e+000
1.988080647162770e-004	4.809793e+000	-2.818404e+000
1.990000000000000e-004	4.801468e+000	-2.828125e+000
1.992489619468370e-004	4.790411e+000	-2.840506e+000
2.000569055878485e-004	4.752513e+000	-2.879616e+000
2.011703167930957e-004	4.695054e+000	-2.930591e+000
2.022837279983428e-004	4.632065e+000	-2.977888e+000
2.033971392035899e-004	4.563544e+000	-3.021506e+000
2.045105504088370e-004	4.489493e+000	-3.061446e+000
2.056239616140842e-004	4.409910e+000	-3.097708e+000
2.067373728193313e-004	4.324797e+000	-3.130291e+000
2.078507840245784e-004	4.234152e+000	-3.159196e+000
2.095070846842722e-004	4.088952e+000	-3.195050e+000
2.111633853439659e-004	3.933813e+000	-3.222195e+000
2.128196860036597e-004	3.768733e+000	-3.240631e+000
2.144759866633534e-004	3.593714e+000	-3.250357e+000
2.161322873230472e-004	3.408756e+000	-3.251373e+000
2.177885879827409e-004	3.213857e+000	-3.243680e+000
2.194448886424347e-004	3.009019e+000	-3.227277e+000
2.203813331220869e-004	2.889988e+000	-3.214126e+000
2.213177776017391e-004	2.768723e+000	-3.198243e+000
2.222542220813913e-004	2.645225e+000	-3.179629e+000
2.231906665610435e-004	2.519493e+000	-3.158285e+000
2.241271110406957e-004	2.391527e+000	-3.134209e+000
2.250635555203479e-004	2.261329e+000	-3.107402e+000
2.260000000000001e-004	2.128896e+000	-3.077865e+000
2.270754635182783e-004	1.974400e+000	-3.040577e+000
2.281509270365565e-004	1.818102e+000	-2.999950e+000
2.292263905548348e-004	1.660002e+000	-2.955982e+000
2.303018540731130e-004	1.500102e+000	-2.908675e+000
2.313773175913912e-004	1.338400e+000	-2.858028e+000
2.324527811096695e-004	1.174896e+000	-2.804042e+000
2.335282446279477e-004	1.009592e+000	-2.746715e+000
2.343890532009544e-004	8.765631e-001	-2.698640e+000
2.352498617739612e-004	7.431384e-001	-2.648673e+000
2.361106703469679e-004	6.093173e-001	-2.596814e+000
2.369714789199747e-004	4.751000e-001	-2.543062e+000
2.378322874929815e-004	3.404864e-001	-2.487417e+000
2.386930960659882e-004	2.054764e-001	-2.429880e+000
2.395539046389950e-004	7.007020e-002	-2.370450e+000
2.400000000000000e-004	1.565469e-011	-2.339121e+000
2.406027521131202e-004	-9.475971e-002	-2.295893e+000
2.412055042262404e-004	-1.894005e-001	-2.251882e+000
2.418082563393606e-004	-2.839225e-001	-2.207087e+000
2.424110084524808e-004	-3.783256e-001	-2.161509e+000
2.430137605656010e-004	-4.726097e-001	-2.115148e+000
2.436165126787212e-004	-5.667751e-001	-2.068004e+000
2.442192647918414e-004	-6.608215e-001	-2.020076e+000
2.444695517061168e-004	-6.997707e-001	-1.999957e+000
2.447619047619050e-004	-7.452113e-001	-1.976334e+000
2.449241823020293e-004	-7.704073e-001	-1.963159e+000
2.450000000000000e-004	-7.821723e-001	-1.956983e+000
2.453055204886355e-004	-8.295468e-001	-1.931943e+000
2.456110409772710e-004	-8.768339e-001	-1.906734e+000
2.459165614659065e-004	-9.240337e-001	-1.881355e+000
2.462220819545420e-004	-9.711461e-001	-1.855807e+000
2.465276024431775e-004	-1.018171e+000	-1.830090e+000
2.468331229318130e-004	-1.065109e+000	-1.804204e+000
2.471386434204485e-004	-1.111959e+000	-1.778148e+000
2.471424546419030e-004	-1.112543e+000	-1.777822e+000
2.471447465305194e-004	-1.112894e+000	-1.777626e+000
2.471479645715909e-004	-1.113387e+000	-1.777350e+000
2.471500098773201e-004	-1.113700e+000	-1.777175e+000
2.471524651450577e-004	-1.114076e+000	-1.776965e+000
2.471556057620393e-004	-1.114557e+000	-1.776696e+000
2.471587054170817e-004	-1.115032e+000	-1.776431e+000
2.471596276658918e-004	-1.115173e+000	-1.776352e+000
2.471599431061694e-004	-1.115221e+000	-1.776325e+000
2.471601135347569e-004	-1.115247e+000	-1.776310e+000
2.471602782502223e-004	-1.115272e+000	-1.776296e+000
2.471604517120213e-004	-1.115299e+000	-1.776281e+000
2.471606245224296e-004	-1.115325e+000	-1.776267e+000
2.471609701432463e-004	-1.115378e+000	-1.776237e+000
2.471614054403016e-004	-1.115445e+000	-1.776200e+000
2.471618491809023e-004	-1.115513e+000	-1.776162e+000
2.471635463445075e-004	-1.115773e+000	-1.776016e+000
2.471649798641063e-004	-1.115992e+000	-1.775894e+000
2.471668418093317e-004	-1.116277e+000	-1.775734e+000
2.471702215741305e-004	-1.116795e+000	-1.775445e+000
2.471754303195286e-004	-1.117592e+000	-1.774999e+000
2.471824848644809e-004	-1.118672e+000	-1.774395e+000
2.471895037410733e-004	-1.119747e+000	-1.773793e+000
2.471976659540929e-004	-1.120996e+000	-1.773094e+000
2.472060448228273e-004	-1.122279e+000	-1.772376e+000
2.472166209218760e-004	-1.123898e+000	-1.771470e+000
2.472293177154762e-004	-1.125841e+000	-1.770381e+000
2.472477983129933e-004	-1.128669e+000	-1.768797e+000
2.472624280378906e-004	-1.130908e+000	-1.767542e+000
2.472765143545358e-004	-1.133063e+000	-1.766333e+000
2.472926153506683e-004	-1.135526e+000	-1.764951e+000
2.473115897110522e-004	-1.138429e+000	-1.763322e+000
2.473302557923487e-004	-1.141284e+000	-1.761718e+000
2.473520839826764e-004	-1.144622e+000	-1.759843e+000
2.473772972697499e-004	-1.148477e+000	-1.757675e+000
2.474143112955864e-004	-1.154135e+000	-1.754491e+000
2.474436471171617e-004	-1.158618e+000	-1.751965e+000
2.474745232956179e-004	-1.163335e+000	-1.749306e+000
2.475075958163343e-004	-1.168387e+000	-1.746455e+000
2.475527006652108e-004	-1.175275e+000	-1.742564e+000
2.475970760760201e-004	-1.182049e+000	-1.738732e+000
2.476528876754324e-004	-1.190565e+000	-1.733908e+000
2.477114020225228e-004	-1.199490e+000	-1.728845e+000
2.477994793967156e-004	-1.212917e+000	-1.721211e+000
2.478984397574911e-004	-1.227991e+000	-1.712620e+000
2.480000000000000e-004	-1.243449e+000	-1.703791e+000
2.480139839090446e-004	-1.245577e+000	-1.702573e+000
2.480419517271340e-004	-1.249831e+000	-1.700136e+000
2.480978873633127e-004	-1.258337e+000	-1.695257e+000
2.482097586356702e-004	-1.275336e+000	-1.685480e+000
2.484335011803853e-004	-1.309287e+000	-1.665848e+000
2.488685325710844e-004	-1.375113e+000	-1.627516e+000
2.490000000000001e-004	-1.394956e+000	-1.615889e+000
2.491559798299028e-004	-1.418467e+000	-1.602020e+000
2.493639529364399e-004	-1.449763e+000	-1.583457e+000
2.497798991495139e-004	-1.512167e+000	-1.546175e+000
2.500000000000000e-004	-1.545085e+000	-1.526375e+000
2.501577831443523e-004	-1.568637e+000	-1.512099e+000
2.503681606701555e-004	-1.599980e+000	-1.492996e+000
2.507889157217617e-004	-1.662456e+000	-1.454643e+000
2.509999999999999e-004	-1.693690e+000	-1.435337e+000
2.511511592721870e-004	-1.716011e+000	-1.421440e+000
2.513527049684365e-004	-1.745712e+000	-1.402851e+000
2.517557963609357e-004	-1.804903e+000	-1.365540e+000
2.520000000000001e-004	-1.840623e+000	-1.342864e+000
2.520462686508686e-004	-1.847378e+000	-1.338550e+000
2.521388059526057e-004	-1.860878e+000	-1.329913e+000
2.523238805560801e-004	-1.887829e+000	-1.312598e+000
2.526940297630290e-004	-1.941540e+000	-1.277853e+000
2.530000000000000e-004	-1.985739e+000	-1.249047e+000
2.530616745097937e-004	-1.994627e+000	-1.243215e+000
2.531850235293809e-004	-2.012379e+000	-1.231537e+000
2.534317215685555e-004	-2.047792e+000	-1.208113e+000
2.539251176469045e-004	-2.118248e+000	-1.161126e+000
2.539999999999999e-004	-2.128896e+000	-1.153976e+000
2.542548720947625e-004	-2.165053e+000	-1.129536e+000
2.545947015544460e-004	-2.213045e+000	-1.096840e+000
2.550679658919366e-004	-2.279460e+000	-1.051159e+000
2.554757612435567e-004	-2.336283e+000	-1.011543e+000
2.561631181406479e-004	-2.431190e+000	-9.444742e-001
2.567226693456239e-004	-2.507671e+000	-8.894711e-001
2.572822205506000e-004	-2.583321e+000	-8.342293e-001
2.578417717555760e-004	-2.658138e+000	-7.787486e-001
2.584013229605521e-004	-2.732122e+000	-7.230293e-001
2.589608741655282e-004	-2.805274e+000	-6.670712e-001
2.595204253705042e-004	-2.877593e+000	-6.108743e-001
2.600799765754803e-004	-2.949080e+000	-5.544387e-001
2.604652135461171e-004	-2.997730e+000	-5.155036e-001
2.606349306349209e-004	-3.019023e+000	-4.983281e-001
2.606967411349025e-004	-3.026757e+000	-4.920698e-001
2.606977808441277e-004	-3.026887e+000	-4.919644e-001
2.607812726694032e-004	-3.037315e+000	-4.835057e-001
2.608066458071557e-004	-3.040480e+000	-4.809345e-001
2.608124877944550e-004	-3.041209e+000	-4.803424e-001
2.608152976868107e-004	-3.041559e+000	-4.800576e-001
2.608179452780954e-004	-3.041889e+000	-4.797893e-001
2.608196098033764e-004	-3.042097e+000	-4.796206e-001
2.608220848868629e-004	-3.042405e+000	-4.793698e-001
2.608232341865435e-004	-3.042548e+000	-4.792533e-001
2.608242982662604e-004	-3.042681e+000	-4.791454e-001
2.608254754073816e-004	-3.042828e+000	-4.790261e-001
2.608268057160414e-004	-3.042994e+000	-4.788913e-001
2.608284013907818e-004	-3.043192e+000	-4.787295e-001
2.608304780076858e-004	-3.043451e+000	-4.785191e-001
2.608332317091304e-004	-3.043794e+000	-4.782400e-001
2.608370892486181e-004	-3.044275e+000	-4.778489e-001
2.608426124973697e-004	-3.044963e+000	-4.772891e-001
2.608506671723410e-004	-3.045967e+000	-4.764726e-001
2.608806764029421e-004	-3.049704e+000	-4.734304e-001
2.609019872728869e-004	-3.052356e+000	-4.712697e-001
2.609338699279794e-004	-3.056321e+000	-4.680368e-001
2.609825539020678e-004	-3.062369e+000	-4.630993e-001
2.610000000000000e-004	-3.064535e+000	-4.613297e-001
2.610030590893312e-004	-3.064915e+000	-4.610194e-001
2.610091772679937e-004	-3.065674e+000	-4.603987e-001
2.610458863399686e-004	-3.070227e+000	-4.566743e-001
2.610948317692682e-004	-3.076292e+000	-4.517073e-001
2.611694013187592e-004	-3.085517e+000	-4.441379e-001
2.612531818224535e-004	-3.095862e+000	-4.356305e-001
2.613644829890926e-004	-3.109572e+000	-4.243223e-001
2.615870853223709e-004	-3.136877e+000	-4.016900e-001
2.618218824072195e-004	-3.165512e+000	-3.777994e-001
2.620324961736039e-004	-3.191051e+000	-3.563532e-001
2.620974885208115e-004	-3.198904e+000	-3.497299e-001
2.622274732152264e-004	-3.214570e+000	-3.364777e-001
2.624874426040565e-004	-3.245740e+000	-3.099520e-001
2.630519938777659e-004	-3.312681e+000	-2.523007e-001
2.635685351408461e-004	-3.373056e+000	-1.994278e-001
2.640850764039263e-004	-3.432504e+000	-1.465296e-001
2.646016176670064e-004	-3.491025e+000	-9.360618e-002
2.651181589300865e-004	-3.548619e+000	-4.065754e-002
2.656347001931667e-004	-3.605287e+000	1.231631e-002
2.661512414562469e-004	-3.661028e+000	6.531539e-002
2.666677827193270e-004	-3.715842e+000	1.183397e-001
2.679312739839023e-004	-3.846125e+000	2.483418e-001
2.691947652484775e-004	-3.969892e+000	3.775019e-001
2.704582565130527e-004	-4.087143e+000	5.058200e-001
2.717217477776279e-004	-4.197877e+000	6.332960e-001
2.729852390422031e-004	-4.302095e+000	7.599300e-001
2.742487303067784e-004	-4.399797e+000	8.857219e-001
2.755122215713536e-004	-4.490982e+000	1.010672e+000
2.761248730927511e-004	-4.532487e+000	1.070546e+000
2.767375246141486e-004	-4.572277e+000	1.129981e+000
2.773501761355461e-004	-4.610354e+000	1.188976e+000
2.779628276569436e-004	-4.646716e+000	1.247532e+000
2.785754791783411e-004	-4.681365e+000	1.305648e+000
2.791881306997386e-004	-4.714299e+000	1.363325e+000
2.798007822211361e-004	-4.745520e+000	1.420562e+000
2.808959874862866e-004	-4.796993e+000	1.521804e+000
2.819911927514370e-004	-4.842674e+000	1.621005e+000
2.830863980165875e-004	-4.882562e+000	1.718164e+000
2.841816032817380e-004	-4.916656e+000	1.813281e+000
2.852768085468885e-004	-4.944957e+000	1.906356e+000
2.863720138120389e-004	-4.967465e+000	1.997389e+000
2.874672190771894e-004	-4.984180e+000	2.086381e+000
2.878337962972907e-004	-4.988427e+000	2.115561e+000
2.882003735173920e-004	-4.992012e+000	2.144456e+000
2.885669507374933e-004	-4.994934e+000	2.173067e+000
2.889335279575947e-004	-4.997194e+000	2.201392e+000
2.893001051776960e-004	-4.998791e+000	2.229433e+000
2.896666823977973e-004	-4.999725e+000	2.257189e+000
2.900332596178987e-004	-4.999997e+000	2.284660e+000
2.904858008634824e-004	-4.999416e+000	2.318152e+000
2.909383421090660e-004	-4.997826e+000	2.351171e+000
2.913908833546497e-004	-4.995226e+000	2.383715e+000
2.918434246002334e-004	-4.991618e+000	2.415785e+000
2.922959658458171e-004	-4.987001e+000	2.447381e+000
2.927485070914008e-004	-4.981374e+000	2.478502e+000
2.932010483369845e-004	-4.974739e+000	2.509149e+000
2.937437557174153e-004	-4.965448e+000	2.545242e+000
2.942864630978460e-004	-4.954723e+000	2.580585e+000
2.948291704782768e-004	-4.942564e+000	2.615178e+000
2.953718778587076e-004	-4.928970e+000	2.649023e+000
2.959145852391384e-004	-4.913943e+000	2.682118e+000
2.964572926195692e-004	-4.897480e+000	2.714464e+000
2.970000000000000e-004	-4.879584e+000	2.746061e+000
2.974015785128308e-004	-4.865429e+000	2.768906e+000
2.978031570256617e-004	-4.850506e+000	2.791310e+000
2.982047355384925e-004	-4.834815e+000	2.813272e+000
2.986063140513233e-004	-4.818356e+000	2.834794e+000
2.990078925641542e-004	-4.801129e+000	2.855874e+000
2.994094710769850e-004	-4.783134e+000	2.876513e+000
2.998110495898159e-004	-4.764370e+000	2.896712e+000
3.001921427531643e-004	-4.745862e+000	2.915474e+000
3.005732359165127e-004	-4.726680e+000	2.933812e+000
3.009543290798612e-004	-4.706826e+000	2.951726e+000
3.013354222432097e-004	-4.686298e+000	2.969215e+000
3.017165154065581e-004	-4.665098e+000	2.986280e+000
3.020976085699065e-004	-4.643224e+000	3.002921e+000
3.024787017332550e-004	-4.620677e+000	3.019137e+000
3.042210852132942e-004	-4.509240e+000	3.087916e+000
3.047286285198100e-004	-4.474198e+000	3.106247e+000
3.052361718263258e-004	-4.438043e+000	3.123786e+000
3.057437151328415e-004	-4.400775e+000	3.140533e+000
3.062512584393573e-004	-4.362393e+000	3.156488e+000
3.067588017458731e-004	-4.322897e+000	3.171650e+000
3.072663450523888e-004	-4.282287e+000	3.186020e+000
3.077738883589046e-004	-4.240564e+000	3.199598e+000
3.081440239685197e-004	-4.209474e+000	3.209030e+000
3.082539682539688e-004	-4.200130e+000	3.211732e+000
3.084286112081855e-004	-4.185183e+000	3.215949e+000
3.086004234405795e-004	-4.170355e+000	3.220013e+000
3.088905283473903e-004	-4.145039e+000	3.226660e+000
3.091806332542011e-004	-4.119383e+000	3.233043e+000
3.094707381610119e-004	-4.093389e+000	3.239162e+000
3.097608430678227e-004	-4.067055e+000	3.245017e+000
3.100509479746335e-004	-4.040382e+000	3.250607e+000
3.103410528814443e-004	-4.013370e+000	3.255934e+000
3.106311577882551e-004	-3.986019e+000	3.260996e+000
3.106313997127842e-004	-3.985996e+000	3.261000e+000
3.106317007285806e-004	-3.985968e+000	3.261005e+000
3.106318612303787e-004	-3.985953e+000	3.261008e+000
3.106320238921829e-004	-3.985937e+000	3.261010e+000
3.106322215925272e-004	-3.985919e+000	3.261014e+000
3.106322383943688e-004	-3.985917e+000	3.261014e+000
3.106323056017357e-004	-3.985911e+000	3.261015e+000
3.106323222698813e-004	-3.985909e+000	3.261015e+000
3.106323277077597e-004	-3.985909e+000	3.261016e+000
3.106323310814664e-004	-3.985908e+000	3.261016e+000
3.106323341647986e-004	-3.985908e+000	3.261016e+000
3.106323377146322e-004	-3.985908e+000	3.261016e+000
3.106323405959663e-004	-3.985907e+000	3.261016e+000
3.106323441529903e-004	-3.985907e+000	3.261016e+000
3.106323482716953e-004	-3.985907e+000	3.261016e+000
3.106323555554322e-004	-3.985906e+000	3.261016e+000
3.106323654686410e-004	-3.985905e+000	3.261016e+000
3.106323852950588e-004	-3.985903e+000	3.261017e+000
3.106324249478945e-004	-3.985899e+000	3.261017e+000
3.106325042535655e-004	-3.985892e+000	3.261019e+000
3.106326150084720e-004	-3.985881e+000	3.261020e+000
3.106327426279092e-004	-3.985869e+000	3.261023e+000
3.106329052208309e-004	-3.985854e+000	3.261025e+000
3.106331060600794e-004	-3.985835e+000	3.261029e+000
3.106333587605688e-004	-3.985811e+000	3.261033e+000
3.106336630168132e-004	-3.985782e+000	3.261038e+000
3.106340320611326e-004	-3.985747e+000	3.261045e+000
3.106350124944912e-004	-3.985654e+000	3.261061e+000
3.106376101865136e-004	-3.985407e+000	3.261105e+000
3.106389929711470e-004	-3.985276e+000	3.261129e+000
3.106407930663431e-004	-3.985106e+000	3.261159e+000
3.106431507717881e-004	-3.984882e+000	3.261199e+000
3.106462965429785e-004	-3.984583e+000	3.261252e+000
3.106505326199113e-004	-3.984181e+000	3.261324e+000
3.106546654893455e-004	-3.983789e+000	3.261394e+000
3.106595565427208e-004	-3.983325e+000	3.261476e+000
3.106645634807742e-004	-3.982849e+000	3.261561e+000
3.106706198107117e-004	-3.982274e+000	3.261663e+000
3.106770796900030e-004	-3.981660e+000	3.261771e+000
3.106862203996197e-004	-3.980792e+000	3.261925e+000
3.106975513184297e-004	-3.979715e+000	3.262115e+000
3.107139931207473e-004	-3.978151e+000	3.262390e+000
3.107376850934257e-004	-3.975895e+000	3.262784e+000
3.107556386914468e-004	-3.974184e+000	3.263082e+000
3.107741783584207e-004	-3.972416e+000	3.263389e+000
3.107959157119442e-004	-3.970342e+000	3.263747e+000
3.108196624595867e-004	-3.968074e+000	3.264136e+000
3.108451207567402e-004	-3.965639e+000	3.264551e+000
3.108767542474378e-004	-3.962611e+000	3.265065e+000
3.109034602458110e-004	-3.960051e+000	3.265496e+000
3.109329218080568e-004	-3.957224e+000	3.265968e+000
3.109685741403546e-004	-3.953799e+000	3.266537e+000
3.110000000000001e-004	-3.950775e+000	3.267035e+000
3.110039855141415e-004	-3.950391e+000	3.267098e+000
3.110119565424242e-004	-3.949624e+000	3.267224e+000
3.110278985989897e-004	-3.948088e+000	3.267474e+000
3.110597827121206e-004	-3.945013e+000	3.267972e+000
3.111235509383825e-004	-3.938850e+000	3.268958e+000
3.111894356468158e-004	-3.932467e+000	3.269963e+000
3.112983636169285e-004	-3.921877e+000	3.271593e+000
3.114163154075045e-004	-3.910357e+000	3.273316e+000
3.115782174354467e-004	-3.894458e+000	3.275626e+000
3.116072119454865e-004	-3.891600e+000	3.276031e+000
3.116652009655667e-004	-3.885875e+000	3.276829e+000
3.116796982205869e-004	-3.884441e+000	3.277026e+000
3.117086927306267e-004	-3.881572e+000	3.277419e+000
3.117666817507069e-004	-3.875824e+000	3.278199e+000
3.117755167022276e-004	-3.874947e+000	3.278317e+000
3.117843516537482e-004	-3.874070e+000	3.278434e+000
3.117931866052689e-004	-3.873192e+000	3.278551e+000
3.118020215567896e-004	-3.872314e+000	3.278668e+000
3.118108565083103e-004	-3.871436e+000	3.278785e+000
3.118196914598310e-004	-3.870558e+000	3.278901e+000
3.118285264113517e-004	-3.869679e+000	3.279017e+000
3.118806061255790e-004	-3.864494e+000	3.279694e+000
3.119847655540338e-004	-3.854091e+000	3.281031e+000
3.120208318856906e-004	-3.850480e+000	3.281484e+000
3.120624956570724e-004	-3.846301e+000	3.282001e+000
3.121458231998362e-004	-3.837925e+000	3.283014e+000
3.123124782853639e-004	-3.821094e+000	3.284957e+000
3.126457884564189e-004	-3.787117e+000	3.288592e+000
3.129999999999999e-004	-3.750555e+000	3.292195e+000
3.130535721745961e-004	-3.744985e+000	3.292702e+000
3.131607165237881e-004	-3.733813e+000	3.293656e+000
3.133750052221719e-004	-3.711341e+000	3.295426e+000
3.138035826189402e-004	-3.665894e+000	3.298642e+000
3.140000000000000e-004	-3.644843e+000	3.299983e+000
3.141762200023850e-004	-3.625839e+000	3.300992e+000
3.144111800055648e-004	-3.600327e+000	3.302151e+000
3.148811000119245e-004	-3.548716e+000	3.304113e+000
3.150000000000002e-004	-3.535534e+000	3.304531e+000
3.151864771005703e-004	-3.514761e+000	3.304992e+000
3.154351132346636e-004	-3.486876e+000	3.305399e+000
3.159323855028507e-004	-3.430470e+000	3.305836e+000
3.160723976219347e-004	-3.414437e+000	3.305808e+000
3.162171928658046e-004	-3.397786e+000	3.305670e+000
3.165067833535446e-004	-3.364275e+000	3.305167e+000
3.170000000000000e-004	-3.306559e+000	3.303941e+000
3.174054266828360e-004	-3.258522e+000	3.302158e+000
3.180000000000001e-004	-3.187120e+000	3.298805e+000
3.186486826925374e-004	-3.107952e+000	3.293635e+000
3.190628400265906e-004	-3.056730e+000	3.289795e+000
3.193493127245560e-004	-3.020988e+000	3.286729e+000
3.196357854225215e-004	-2.985010e+000	3.283405e+000
3.199222581204870e-004	-2.948794e+000	3.279825e+000
3.202087308184525e-004	-2.912341e+000	3.275988e+000
3.204952035164179e-004	-2.875650e+000	3.271893e+000
3.207816762143834e-004	-2.838722e+000	3.267542e+000
3.210681489123489e-004	-2.801557e+000	3.262934e+000
3.214906131856415e-004	-2.746320e+000	3.255617e+000
3.219130774589341e-004	-2.690625e+000	3.247742e+000
3.223355417322267e-004	-2.634472e+000	3.239307e+000
3.227580060055193e-004	-2.577860e+000	3.230313e+000
3.231804702788119e-004	-2.520789e+000	3.220760e+000
3.236029345521045e-004	-2.463260e+000	3.210647e+000
3.240253988253971e-004	-2.405272e+000	3.199975e+000
3.240761964761908e-004	-2.398273e+000	3.198652e+000
3.241269941269844e-004	-2.391268e+000	3.197323e+000
3.241585997762271e-004	-2.386907e+000	3.196492e+000
3.241590967222830e-004	-2.386839e+000	3.196479e+000
3.241777351510750e-004	-2.384266e+000	3.195987e+000
3.241963735798669e-004	-2.381692e+000	3.195493e+000
3.242150120086588e-004	-2.379117e+000	3.194999e+000
3.242336504374507e-004	-2.376542e+000	3.194504e+000
3.242522888662426e-004	-2.373966e+000	3.194008e+000
3.242709272950345e-004	-2.371388e+000	3.193510e+000
3.242895657238265e-004	-2.368811e+000	3.193012e+000
3.242918887410222e-004	-2.368489e+000	3.192950e+000
3.242924259889207e-004	-2.368415e+000	3.192935e+000
3.242926990378861e-004	-2.368377e+000	3.192928e+000
3.242928315634903e-004	-2.368359e+000	3.192924e+000
3.242929052280166e-004	-2.368349e+000	3.192923e+000
3.242929804126203e-004	-2.368338e+000	3.192920e+000
3.242930608959175e-004	-2.368327e+000	3.192918e+000
3.242932218625117e-004	-2.368305e+000	3.192914e+000
3.242934274085558e-004	-2.368276e+000	3.192909e+000
3.242937906818219e-004	-2.368226e+000	3.192899e+000
3.242978313907868e-004	-2.367667e+000	3.192791e+000
3.243024493438896e-004	-2.367028e+000	3.192667e+000
3.243116852500953e-004	-2.365750e+000	3.192419e+000
3.243249862011606e-004	-2.363909e+000	3.192061e+000
3.243397118400161e-004	-2.361871e+000	3.191665e+000
3.243544494794769e-004	-2.359830e+000	3.191268e+000
3.243933754842306e-004	-2.354438e+000	3.190215e+000
3.244397143105262e-004	-2.348014e+000	3.188956e+000
3.244661442720880e-004	-2.344348e+000	3.188235e+000
3.244941894499881e-004	-2.340456e+000	3.187467e+000
3.245290459604252e-004	-2.335616e+000	3.186509e+000
3.245763853768876e-004	-2.329038e+000	3.185201e+000
3.246420661477782e-004	-2.319904e+000	3.183376e+000
3.247192298058612e-004	-2.309160e+000	3.181214e+000
3.248153499220466e-004	-2.295758e+000	3.178488e+000
3.249999999999998e-004	-2.269953e+000	3.173203e+000
3.250576720697108e-004	-2.261877e+000	3.171523e+000
3.251345681626588e-004	-2.251098e+000	3.169264e+000
3.252883603485552e-004	-2.229501e+000	3.164677e+000
3.255959447203481e-004	-2.186152e+000	3.155279e+000
3.259999999999999e-004	-2.128896e+000	3.142664e+000
3.263026998813305e-004	-2.085778e+000	3.132763e+000
3.270691885443040e-004	-1.975760e+000	3.106595e+000
3.273450187522606e-004	-1.935878e+000	3.096706e+000
3.276208489602171e-004	-1.895857e+000	3.086594e+000
3.278966791681737e-004	-1.855699e+000	3.076261e+000
3.281725093761302e-004	-1.815403e+000	3.065705e+000
3.284483395840868e-004	-1.774970e+000	3.054926e+000
3.287241697920433e-004	-1.734399e+000	3.043925e+000
3.289999999999999e-004	-1.693690e+000	3.032702e+000
3.310000000000001e-004	-1.394956e+000	2.944466e+000
3.312960784924333e-004	-1.350225e+000	2.930390e+000
3.315921569848665e-004	-1.305387e+000	2.916071e+000
3.318882354772997e-004	-1.260442e+000	2.901510e+000
3.321843139697328e-004	-1.215390e+000	2.886707e+000
3.324803924621660e-004	-1.170231e+000	2.871661e+000
3.327764709545992e-004	-1.124965e+000	2.856373e+000
3.330725494470324e-004	-1.079592e+000	2.840843e+000
3.340000000000001e-004	-9.369066e-001	2.790586e+000
3.349999999999998e-004	-7.821723e-001	2.733749e+000
3.359999999999999e-004	-6.266662e-001	2.674221e+000
3.370000000000001e-004	-4.705416e-001	2.612071e+000
3.380000000000002e-004	-3.139526e-001	2.547358e+000
3.389999999999999e-004	-1.570538e-001	2.480134e+000
3.400000000000000e-004	-1.576922e-011	2.410476e+000
3.410000000000002e-004	1.570538e-001	2.338451e+000
3.419999999999999e-004	3.139526e-001	2.264121e+000
3.440000000000001e-004	6.266662e-001	2.108849e+000
3.449999999999998e-004	7.821723e-001	2.028058e+000
3.460000000000000e-004	9.369066e-001	1.945270e+000
3.470000000000001e-004	1.090716e+000	1.860558e+000
3.480627447393016e-004	1.252993e+000	1.768518e+000
3.482109240622585e-004	1.275514e+000	1.755510e+000
3.483591033852153e-004	1.298006e+000	1.742470e+000
3.485072827081722e-004	1.320469e+000	1.729397e+000
3.486554620311291e-004	1.342903e+000	1.716292e+000
3.488036413540860e-004	1.365309e+000	1.703155e+000
3.489518206770429e-004	1.387685e+000	1.689985e+000
3.490999999999998e-004	1.410033e+000	1.676782e+000
3.500000000000001e-004	1.545085e+000	1.595753e+000
3.503199999999995e-004	1.592824e+000	1.566611e+000
3.506399999999989e-004	1.640389e+000	1.537320e+000
3.509599999999983e-004	1.687782e+000	1.507880e+000
3.512799999999977e-004	1.735001e+000	1.478290e+000
3.515999999999971e-004	1.782048e+000	1.448551e+000
3.519199999999965e-004	1.828921e+000	1.418662e+000
3.522399999999959e-004	1.875622e+000	1.388624e+000
3.530639999999989e-004	1.994962e+000	1.310663e+000
3.550640000000260e-004	2.278905e+000	1.117829e+000
3.570639999993766e-004	2.553855e+000	9.205494e-001
3.574948570781943e-004	2.611829e+000	8.775185e-001
3.579257141570119e-004	2.669299e+000	8.343457e-001
3.583565712358295e-004	2.726265e+000	7.910308e-001
3.587874283146471e-004	2.782726e+000	7.475740e-001
3.592182853934647e-004	2.838683e+000	7.039751e-001
3.596491424722824e-004	2.894135e+000	6.602343e-001
3.600799995511000e-004	2.949083e+000	6.163515e-001
3.605599968576996e-004	3.009632e+000	5.673282e-001
3.609999999999998e-004	3.064535e+000	5.223106e-001
3.611919989226393e-004	3.088310e+000	5.026200e-001
3.614479974861592e-004	3.119834e+000	4.763324e-001
3.619599946131989e-004	3.182276e+000	4.237001e-001
3.619999999999999e-004	3.187120e+000	4.195839e-001
3.620800107736019e-004	3.196794e+000	4.113426e-001
3.622400323208060e-004	3.216081e+000	3.948521e-001
3.625600754152141e-004	3.254410e+000	3.618412e-001
3.630000000000000e-004	3.306559e+000	3.164274e-001
3.630640086188818e-004	3.314095e+000	3.098112e-001
3.631920258566450e-004	3.329125e+000	2.965750e-001
3.634480603321713e-004	3.359024e+000	2.700854e-001
3.639601292832243e-004	3.418167e+000	2.170734e-001
3.640797414335519e-004	3.431856e+000	2.046794e-001
3.645581900348625e-004	3.486122e+000	1.550683e-001
3.647782983433600e-004	3.510826e+000	1.322337e-001
3.649984066518575e-004	3.535359e+000	1.093939e-001
3.652185149603551e-004	3.559722e+000	8.654917e-002
3.654386232688525e-004	3.583913e+000	6.369935e-002
3.656587315773501e-004	3.607935e+000	4.084448e-002
3.658788398858476e-004	3.631785e+000	1.798456e-002
3.660989481943451e-004	3.655465e+000	-4.880414e-003
3.680914811253610e-004	3.861710e+000	-2.117278e-001
3.700849483074396e-004	4.052914e+000	-4.179186e-001
3.703009221704897e-004	4.072691e+000	-4.401815e-001
3.705168960335396e-004	4.092278e+000	-4.624224e-001
3.707328698965896e-004	4.111675e+000	-4.846412e-001
3.709488437596396e-004	4.130882e+000	-5.068380e-001
3.711648176226897e-004	4.149899e+000	-5.290127e-001
3.713807914857396e-004	4.168726e+000	-5.511654e-001
3.715967653487896e-004	4.187363e+000	-5.732961e-001
3.717460317460321e-004	4.200130e+000	-5.885733e-001
3.719416283036788e-004	4.216720e+000	-6.085787e-001
3.719999999999999e-004	4.221640e+000	-6.145455e-001
3.723000253738518e-004	4.246709e+000	-6.451757e-001
3.726000507477036e-004	4.271396e+000	-6.757454e-001
3.729000761215555e-004	4.295701e+000	-7.062546e-001
3.732001014954073e-004	4.319623e+000	-7.367033e-001
3.735001268692592e-004	4.343162e+000	-7.670914e-001
3.738001522431110e-004	4.366319e+000	-7.974191e-001
3.741001776169628e-004	4.389092e+000	-8.276863e-001
3.741287997932382e-004	4.391244e+000	-8.305690e-001
3.741289699050517e-004	4.391257e+000	-8.305861e-001
3.741293101286783e-004	4.391283e+000	-8.306204e-001
3.741296545412809e-004	4.391308e+000	-8.306551e-001
3.741300779100342e-004	4.391340e+000	-8.306977e-001
3.741309246475411e-004	4.391404e+000	-8.307830e-001
3.741323705442499e-004	4.391512e+000	-8.309286e-001
3.741331044685723e-004	4.391568e+000	-8.310025e-001
3.741334059537168e-004	4.391590e+000	-8.310329e-001
3.741335713886530e-004	4.391603e+000	-8.310495e-001
3.741336972346143e-004	4.391612e+000	-8.310622e-001
3.741338077932720e-004	4.391620e+000	-8.310733e-001
3.741339252844081e-004	4.391629e+000	-8.310851e-001
3.741340560532739e-004	4.391639e+000	-8.310983e-001
3.741341989155207e-004	4.391650e+000	-8.311127e-001
3.741343941726116e-004	4.391665e+000	-8.311324e-001
3.741346004675315e-004	4.391680e+000	-8.311532e-001
3.741349160074196e-004	4.391704e+000	-8.311849e-001
3.741352508148791e-004	4.391729e+000	-8.312187e-001
3.741359204297978e-004	4.391779e+000	-8.312861e-001
3.741365772169068e-004	4.391829e+000	-8.313522e-001
3.741378907911254e-004	4.391927e+000	-8.314845e-001
3.741397439914200e-004	4.392066e+000	-8.316711e-001
3.741434503920088e-004	4.392344e+000	-8.320443e-001
3.741493126537591e-004	4.392784e+000	-8.326346e-001
3.741562326942585e-004	4.393303e+000	-8.333313e-001
3.741653063434906e-004	4.393983e+000	-8.342448e-001
3.741760298715032e-004	4.394787e+000	-8.353244e-001
3.741899150778443e-004	4.395827e+000	-8.367221e-001
3.742071031995770e-004	4.397113e+000	-8.384520e-001
3.742313859647723e-004	4.398927e+000	-8.408956e-001
3.742607978350614e-004	4.401122e+000	-8.438547e-001
3.742881657026720e-004	4.403160e+000	-8.466076e-001
3.743223610763510e-004	4.405703e+000	-8.500463e-001
3.743539020044646e-004	4.408043e+000	-8.532172e-001
3.744001274034979e-004	4.411466e+000	-8.578628e-001
3.745256992912921e-004	4.420716e+000	-8.704739e-001
3.747121300722031e-004	4.434322e+000	-8.891717e-001
3.748313109514412e-004	4.442940e+000	-9.011086e-001
3.749999999999999e-004	4.455033e+000	-9.179898e-001
3.750199408916180e-004	4.456454e+000	-9.199829e-001
3.750598226748537e-004	4.459291e+000	-9.239680e-001
3.751395862413250e-004	4.464944e+000	-9.319330e-001
3.752991133742678e-004	4.476166e+000	-9.478412e-001
3.756181676401538e-004	4.498273e+000	-9.795880e-001
3.760000000000000e-004	4.524135e+000	-1.017504e+000
3.761914325595317e-004	4.536857e+000	-1.036435e+000
3.764466759722403e-004	4.553563e+000	-1.061615e+000
3.768631599769105e-004	4.580194e+000	-1.102599e+000
3.770000000000002e-004	4.588773e+000	-1.116036e+000
3.772250582277600e-004	4.602698e+000	-1.138051e+000
3.775251358647731e-004	4.620907e+000	-1.167318e+000
3.779104610331647e-004	4.643686e+000	-1.204799e+000
3.780770650336782e-004	4.653325e+000	-1.220946e+000
3.784967948210756e-004	4.677042e+000	-1.261439e+000
3.790000000000000e-004	4.704404e+000	-1.309767e+000
3.795098725069526e-004	4.730929e+000	-1.358339e+000
3.797914348350826e-004	4.745059e+000	-1.385054e+000
3.800729971632126e-004	4.758816e+000	-1.411652e+000
3.803545594913425e-004	4.772198e+000	-1.438134e+000
3.806361218194725e-004	4.785207e+000	-1.464500e+000
3.809176841476025e-004	4.797842e+000	-1.490750e+000
3.811992464757325e-004	4.810104e+000	-1.516884e+000
3.814808088038624e-004	4.821991e+000	-1.542902e+000
3.819571529460065e-004	4.841247e+000	-1.586696e+000
3.824334970881507e-004	4.859409e+000	-1.630113e+000
3.829098412302948e-004	4.876478e+000	-1.673153e+000
3.833861853724388e-004	4.892453e+000	-1.715816e+000
3.838625295145829e-004	4.907335e+000	-1.758103e+000
3.843388736567270e-004	4.921123e+000	-1.800012e+000
3.848152177988711e-004	4.933818e+000	-1.841545e+000
3.851771908595105e-004	4.942722e+000	-1.872836e+000
3.855391639201499e-004	4.950984e+000	-1.903877e+000
3.859011369807893e-004	4.958604e+000	-1.934669e+000
3.862631100414286e-004	4.965583e+000	-1.965210e+000
3.866250831020680e-004	4.971920e+000	-1.995501e+000
3.869870561627074e-004	4.977616e+000	-2.025542e+000
3.873490292233468e-004	4.982670e+000	-2.055333e+000
3.876190576190481e-004	4.986019e+000	-2.077391e+000
3.876964905285708e-004	4.986913e+000	-2.083697e+000
3.876978004969610e-004	4.986928e+000	-2.083803e+000
3.878009029798317e-004	4.988072e+000	-2.092167e+000
3.878052394305155e-004	4.988119e+000	-2.092518e+000
3.878064499931383e-004	4.988132e+000	-2.092616e+000
3.878069953595904e-004	4.988138e+000	-2.092660e+000
3.878072263195673e-004	4.988141e+000	-2.092679e+000
3.878073671822742e-004	4.988142e+000	-2.092690e+000
3.878074689718011e-004	4.988143e+000	-2.092699e+000
3.878075867552464e-004	4.988145e+000	-2.092708e+000
3.878078223221370e-004	4.988147e+000	-2.092727e+000
3.878082934559188e-004	4.988153e+000	-2.092765e+000
3.878111202586087e-004	4.988183e+000	-2.092994e+000
3.878148893288616e-004	4.988224e+000	-2.093300e+000
3.878224274693680e-004	4.988305e+000	-2.093910e+000
3.878353859342429e-004	4.988443e+000	-2.094959e+000
3.878494309571502e-004	4.988593e+000	-2.096096e+000
3.878784588771077e-004	4.988898e+000	-2.098444e+000
3.879198212497926e-004	4.989327e+000	-2.101786e+000
3.879571323881495e-004	4.989707e+000	-2.104798e+000
3.879737759306564e-004	4.989873e+000	-2.106141e+000
3.879904194731635e-004	4.990039e+000	-2.107483e+000
3.880070630156704e-004	4.990203e+000	-2.108825e+000
3.880237065581774e-004	4.990366e+000	-2.110166e+000
3.880403501006844e-004	4.990528e+000	-2.111506e+000
3.880569936431914e-004	4.990688e+000	-2.112845e+000
3.880736371856984e-004	4.990847e+000	-2.114184e+000
3.881292628434489e-004	4.991367e+000	-2.118655e+000
3.881943889718197e-004	4.991958e+000	-2.123883e+000
3.882657421243473e-004	4.992581e+000	-2.129598e+000
3.883899254245788e-004	4.993605e+000	-2.139516e+000
3.885746478223492e-004	4.994988e+000	-2.154206e+000
3.888506261379766e-004	4.996741e+000	-2.176046e+000
3.890000000000000e-004	4.997533e+000	-2.187818e+000
3.890883100825409e-004	4.997949e+000	-2.194738e+000
3.892060568592621e-004	4.998445e+000	-2.203934e+000
3.894415504127049e-004	4.999230e+000	-2.222262e+000
3.897039378539351e-004	4.999784e+000	-2.242521e+000
3.900296062146068e-004	4.999998e+000	-2.267503e+000
3.904643193280344e-004	4.999467e+000	-2.300449e+000
3.908990324414620e-004	4.998004e+000	-2.332959e+000
3.913337455548896e-004	4.995611e+000	-2.365034e+000
3.917684586683172e-004	4.992286e+000	-2.396672e+000
3.922031717817449e-004	4.988030e+000	-2.427874e+000
3.926378848951724e-004	4.982842e+000	-2.458640e+000
3.930725980086001e-004	4.976724e+000	-2.488971e+000
3.935198014767675e-004	4.969458e+000	-2.519674e+000
3.939670049449349e-004	4.961216e+000	-2.549873e+000
3.944142084131024e-004	4.951997e+000	-2.579566e+000
3.948614118812698e-004	4.941803e+000	-2.608754e+000
3.953086153494372e-004	4.930632e+000	-2.637437e+000
3.957558188176047e-004	4.918484e+000	-2.665614e+000
3.962030222857721e-004	4.905361e+000	-2.693286e+000
3.966708173662707e-004	4.890593e+000	-2.721671e+000
3.971386124467692e-004	4.874778e+000	-2.749454e+000
3.976064075272677e-004	4.857916e+000	-2.776635e+000
3.980742026077663e-004	4.840008e+000	-2.803216e+000
3.985419976882649e-004	4.821052e+000	-2.829194e+000
3.990097927687634e-004	4.801049e+000	-2.854572e+000
3.994775878492620e-004	4.779999e+000	-2.879347e+000
4.001984454258255e-004	4.745506e+000	-2.916391e+000
4.009193030023889e-004	4.708630e+000	-2.951896e+000
4.016401605789524e-004	4.669371e+000	-2.985864e+000
4.023610181555158e-004	4.627729e+000	-3.018293e+000
4.030818757320793e-004	4.583704e+000	-3.049185e+000
4.038027333086427e-004	4.537297e+000	-3.078539e+000
4.045235908852062e-004	4.488506e+000	-3.106354e+000
4.054699570078190e-004	4.420868e+000	-3.140537e+000
4.064163231304318e-004	4.349488e+000	-3.171895e+000
4.073626892530446e-004	4.274367e+000	-3.200429e+000
4.083090553756574e-004	4.195504e+000	-3.226139e+000
4.092554214982702e-004	4.112900e+000	-3.249024e+000
4.102017876208831e-004	4.026555e+000	-3.269084e+000
4.111481537434959e-004	3.936469e+000	-3.286320e+000
4.121676865646826e-004	3.835440e+000	-3.301610e+000
4.131872193858693e-004	3.730756e+000	-3.313507e+000
4.142067522070560e-004	3.622417e+000	-3.322011e+000
4.152262850282427e-004	3.510423e+000	-3.327122e+000
4.162458178494294e-004	3.394775e+000	-3.328841e+000
4.172653506706161e-004	3.275471e+000	-3.327166e+000
4.182848834918028e-004	3.152513e+000	-3.322098e+000
4.193646673550946e-004	3.018668e+000	-3.312990e+000
4.204444512183864e-004	2.881754e+000	-3.300128e+000
4.215242350816782e-004	2.741769e+000	-3.283512e+000
4.226040189449700e-004	2.598715e+000	-3.263141e+000
4.236838028082618e-004	2.452591e+000	-3.239017e+000
4.247635866715536e-004	2.303397e+000	-3.211138e+000
4.258433705348454e-004	2.151132e+000	-3.179505e+000
4.268765266753007e-004	2.003122e+000	-3.145784e+000
4.279096828157560e-004	1.853401e+000	-3.108862e+000
4.289428389562112e-004	1.701971e+000	-3.068741e+000
4.299759950966665e-004	1.548829e+000	-3.025420e+000
4.310091512371218e-004	1.393978e+000	-2.978899e+000
4.320423073775771e-004	1.237417e+000	-2.929179e+000
4.330754635180323e-004	1.079145e+000	-2.876258e+000
4.351448899546227e-004	7.596852e-001	-2.761436e+000
4.352380952380957e-004	7.452113e-001	-2.755985e+000
4.353727373706648e-004	7.242914e-001	-2.748068e+000
4.355040267158975e-004	7.038800e-001	-2.740303e+000
4.358021852364353e-004	6.574722e-001	-2.722489e+000
4.361003437569731e-004	6.110167e-001	-2.704442e+000
4.363985022775109e-004	5.645134e-001	-2.686162e+000
4.366966607980486e-004	5.179623e-001	-2.667649e+000
4.369948193185865e-004	4.713634e-001	-2.648904e+000
4.372929778391242e-004	4.247168e-001	-2.629925e+000
4.375911363596620e-004	3.780223e-001	-2.610714e+000
4.375974057227064e-004	3.770404e-001	-2.610308e+000
4.376010561448589e-004	3.764686e-001	-2.610071e+000
4.376037522659713e-004	3.760463e-001	-2.609896e+000
4.376060269438136e-004	3.756900e-001	-2.609749e+000
4.376085160273180e-004	3.753001e-001	-2.609587e+000
4.376116521285188e-004	3.748089e-001	-2.609384e+000
4.376146336703087e-004	3.743419e-001	-2.609190e+000
4.376184012399326e-004	3.737517e-001	-2.608946e+000
4.376207793444940e-004	3.733792e-001	-2.608792e+000
4.376223014791003e-004	3.731408e-001	-2.608693e+000
4.376227452960986e-004	3.730713e-001	-2.608664e+000
4.376230820393669e-004	3.730185e-001	-2.608642e+000
4.376234150177340e-004	3.729663e-001	-2.608620e+000
4.376238859361546e-004	3.728926e-001	-2.608590e+000
4.376244469529488e-004	3.728047e-001	-2.608553e+000
4.376255689865372e-004	3.726290e-001	-2.608481e+000
4.376292936820571e-004	3.720455e-001	-2.608239e+000
4.376330070663004e-004	3.714638e-001	-2.607998e+000
4.376382513329759e-004	3.706423e-001	-2.607657e+000
4.376439296805068e-004	3.697528e-001	-2.607288e+000
4.376500978261391e-004	3.687866e-001	-2.606888e+000
4.376566393922018e-004	3.677618e-001	-2.606462e+000
4.376645571224544e-004	3.665214e-001	-2.605948e+000
4.376736537332559e-004	3.650964e-001	-2.605356e+000
4.376850785632624e-004	3.633066e-001	-2.604613e+000
4.376995318789456e-004	3.610422e-001	-2.603672e+000
4.377205033574876e-004	3.577565e-001	-2.602306e+000
4.377373350449546e-004	3.551193e-001	-2.601209e+000
4.377534384074002e-004	3.525962e-001	-2.600159e+000
4.377705264569320e-004	3.499186e-001	-2.599043e+000
4.377889699752275e-004	3.470286e-001	-2.597839e+000
4.378075960330134e-004	3.441098e-001	-2.596622e+000
4.378105181110400e-004	3.436519e-001	-2.596431e+000
4.378163622670932e-004	3.427360e-001	-2.596049e+000
4.378280505791996e-004	3.409043e-001	-2.595284e+000
4.378317031767326e-004	3.403319e-001	-2.595045e+000
4.378360862937725e-004	3.396450e-001	-2.594758e+000
4.378419304498257e-004	3.387291e-001	-2.594375e+000
4.378536187619321e-004	3.368973e-001	-2.593610e+000
4.378769953861448e-004	3.332336e-001	-2.592077e+000
4.379065341932930e-004	3.286038e-001	-2.590140e+000
4.379353551047086e-004	3.240863e-001	-2.588247e+000
4.379683240118035e-004	3.189183e-001	-2.586079e+000
4.380000000000000e-004	3.139526e-001	-2.583995e+000
4.380125181309693e-004	3.119901e-001	-2.583170e+000
4.380292089722617e-004	3.093734e-001	-2.582069e+000
4.380625906548466e-004	3.041397e-001	-2.579865e+000
4.381238283347852e-004	2.945378e-001	-2.575815e+000
4.381952406219474e-004	2.833391e-001	-2.571081e+000
4.382787972495939e-004	2.702342e-001	-2.565525e+000
4.383793326257417e-004	2.544639e-001	-2.558814e+000
4.385291957877467e-004	2.309512e-001	-2.548764e+000
4.386776836990702e-004	2.076492e-001	-2.538756e+000
4.388339850222864e-004	1.831162e-001	-2.528159e+000
4.390225469397173e-004	1.535138e-001	-2.515312e+000
4.391578285780212e-004	1.322725e-001	-2.506020e+000
4.393382040957599e-004	1.039472e-001	-2.493549e+000
4.396392489645230e-004	5.666543e-002	-2.472564e+000
4.399999999999999e-004	1.565536e-011	-2.447231e+000
4.401082253106428e-004	-1.699996e-002	-2.439542e+000
4.402525257248338e-004	-3.966623e-002	-2.429238e+000
4.405411265532154e-004	-8.499587e-002	-2.408463e+000
4.410000000000000e-004	-1.570538e-001	-2.375189e+000
4.411731604970289e-004	-1.842379e-001	-2.362454e+000
4.414040411597343e-004	-2.204748e-001	-2.345346e+000
4.418658024851452e-004	-2.929118e-001	-2.310878e+000
4.420000000000001e-004	-3.139526e-001	-2.300797e+000
4.421584703627073e-004	-3.387919e-001	-2.288782e+000
4.423697641796507e-004	-3.718979e-001	-2.272658e+000
4.427923518135375e-004	-4.380592e-001	-2.240186e+000
4.429999999999998e-004	-4.705416e-001	-2.224132e+000
4.431693793416646e-004	-4.970227e-001	-2.210910e+000
4.433952184638842e-004	-5.323089e-001	-2.193165e+000
4.438468967083238e-004	-6.027992e-001	-2.157444e+000
4.440000000000000e-004	-6.266662e-001	-2.145268e+000
4.441885806968438e-004	-6.560436e-001	-2.130136e+000
4.444400216259688e-004	-6.951775e-001	-2.109821e+000
4.449429034842187e-004	-7.733128e-001	-2.068947e+000
4.450000000000001e-004	-7.821723e-001	-2.064282e+000
4.450922709373678e-004	-7.964845e-001	-2.056691e+000
4.452768128121029e-004	-8.250886e-001	-2.041457e+000
4.456458965615730e-004	-8.822125e-001	-2.010811e+000
4.459999999999998e-004	-9.369066e-001	-1.981248e+000
4.460738167498938e-004	-9.482937e-001	-1.975032e+000
4.462214502496818e-004	-9.710528e-001	-1.962567e+000
4.465167172492579e-004	-1.016508e+000	-1.937500e+000
4.469999999999999e-004	-1.090716e+000	-1.896257e+000
4.474133737994066e-004	-1.153991e+000	-1.860517e+000
4.480944854398645e-004	-1.257819e+000	-1.801074e+000
4.485190836151220e-004	-1.322287e+000	-1.763545e+000
4.489436817903796e-004	-1.386489e+000	-1.725722e+000
4.493682799656371e-004	-1.450428e+000	-1.687603e+000
4.497928781408946e-004	-1.514102e+000	-1.649190e+000
4.502174763161521e-004	-1.577512e+000	-1.610481e+000
4.506420744914096e-004	-1.640658e+000	-1.571478e+000
4.510666726666671e-004	-1.703540e+000	-1.532180e+000
4.511111211111117e-004	-1.710102e+000	-1.528051e+000
4.511404359692308e-004	-1.714429e+000	-1.525326e+000
4.511408944069240e-004	-1.714496e+000	-1.525284e+000
4.512640235095683e-004	-1.732652e+000	-1.513824e+000
4.512654462080937e-004	-1.732861e+000	-1.513692e+000
4.512662484938263e-004	-1.732980e+000	-1.513617e+000
4.512667197464335e-004	-1.733049e+000	-1.513573e+000
4.512669952328120e-004	-1.733090e+000	-1.513547e+000
4.512671582814405e-004	-1.733114e+000	-1.513532e+000
4.512672397584050e-004	-1.733126e+000	-1.513525e+000
4.512673068290157e-004	-1.733136e+000	-1.513518e+000
4.512673470922382e-004	-1.733142e+000	-1.513515e+000
4.512673938245853e-004	-1.733148e+000	-1.513510e+000
4.512674590605600e-004	-1.733158e+000	-1.513504e+000
4.512675432460003e-004	-1.733170e+000	-1.513496e+000
4.512676468223969e-004	-1.733186e+000	-1.513487e+000
4.512677811024045e-004	-1.733205e+000	-1.513474e+000
4.512679694927530e-004	-1.733233e+000	-1.513457e+000
4.512682676081972e-004	-1.733277e+000	-1.513429e+000
4.512721526901231e-004	-1.733850e+000	-1.513067e+000
4.512765927837531e-004	-1.734504e+000	-1.512653e+000
4.512854729710131e-004	-1.735812e+000	-1.511826e+000
4.513032333455331e-004	-1.738428e+000	-1.510170e+000
4.513206784073189e-004	-1.740997e+000	-1.508544e+000
4.513432431707079e-004	-1.744319e+000	-1.506439e+000
4.513675679269562e-004	-1.747900e+000	-1.504169e+000
4.514127190625400e-004	-1.754543e+000	-1.499954e+000
4.514517305380223e-004	-1.760280e+000	-1.496310e+000
4.514942301237792e-004	-1.766526e+000	-1.492337e+000
4.515385677636174e-004	-1.773040e+000	-1.488189e+000
4.516225469152102e-004	-1.785368e+000	-1.480324e+000
4.517365793071243e-004	-1.802088e+000	-1.469628e+000
4.518608922011573e-004	-1.820289e+000	-1.457948e+000
4.520000000000001e-004	-1.840623e+000	-1.444858e+000
4.520745877364201e-004	-1.851511e+000	-1.437822e+000
4.521740380516465e-004	-1.866013e+000	-1.428427e+000
4.523729386820994e-004	-1.894963e+000	-1.409583e+000
4.527707399430052e-004	-1.952638e+000	-1.371769e+000
4.529999999999998e-004	-1.985739e+000	-1.349911e+000
4.533114330586311e-004	-2.030540e+000	-1.320040e+000
4.537345639423415e-004	-2.091123e+000	-1.279269e+000
4.541576948260519e-004	-2.151309e+000	-1.238286e+000
4.545808257097623e-004	-2.211100e+000	-1.197091e+000
4.550039565934727e-004	-2.270495e+000	-1.155685e+000
4.554270874771831e-004	-2.329494e+000	-1.114067e+000
4.558502183608934e-004	-2.388098e+000	-1.072238e+000
4.562733492446038e-004	-2.446306e+000	-1.030198e+000
4.575810249911125e-004	-2.624035e+000	-8.986470e-001
4.588887007376212e-004	-2.796634e+000	-7.661168e-001
4.601963764841298e-004	-2.964100e+000	-6.326070e-001
4.615040522306384e-004	-3.126435e+000	-4.981175e-001
4.628117279771471e-004	-3.283639e+000	-3.626484e-001
4.641194037236558e-004	-3.435711e+000	-2.261998e-001
4.654270794701644e-004	-3.582651e+000	-8.877144e-002
4.680907816683121e-004	-3.861640e+000	1.903296e-001
4.695230537074212e-004	-4.001202e+000	3.407880e-001
4.709553257465302e-004	-4.132050e+000	4.898544e-001
4.723875977856393e-004	-4.254186e+000	6.375288e-001
4.738198698247483e-004	-4.367608e+000	7.838112e-001
4.752521418638574e-004	-4.472318e+000	9.287015e-001
4.766844139029664e-004	-4.568315e+000	1.072200e+000
4.781166859420755e-004	-4.655599e+000	1.214306e+000
4.782722671981760e-004	-4.664456e+000	1.229514e+000
4.797761286440525e-004	-4.744592e+000	1.375840e+000
4.812799900899291e-004	-4.813824e+000	1.518385e+000
4.827838515358056e-004	-4.872154e+000	1.657148e+000
4.842877129816822e-004	-4.919581e+000	1.792130e+000
4.857915744275587e-004	-4.956104e+000	1.923330e+000
4.872954358734353e-004	-4.981725e+000	2.050748e+000
4.887992973193118e-004	-4.996443e+000	2.174385e+000
4.900332596178957e-004	-4.999997e+000	2.271699e+000
4.904666534028078e-004	-4.999461e+000	2.305077e+000
4.909000471877198e-004	-4.998000e+000	2.338021e+000
4.913334409726319e-004	-4.995613e+000	2.370532e+000
4.917668347575439e-004	-4.992300e+000	2.402610e+000
4.922002285424561e-004	-4.988062e+000	2.434255e+000
4.926336223273681e-004	-4.982898e+000	2.465467e+000
4.930670161122802e-004	-4.976808e+000	2.496246e+000
4.938389717007547e-004	-4.963650e+000	2.549954e+000
4.946109272892292e-004	-4.947601e+000	2.602105e+000
4.953828828777037e-004	-4.928662e+000	2.652699e+000
4.961548384661783e-004	-4.906832e+000	2.701735e+000
4.969267940546528e-004	-4.882112e+000	2.749215e+000
4.976987496431273e-004	-4.854501e+000	2.795138e+000
4.984707052316018e-004	-4.823999e+000	2.839504e+000
4.987301587301594e-004	-4.813121e+000	2.854025e+000
4.989999999999999e-004	-4.801468e+000	2.868977e+000
4.993086403538465e-004	-4.787714e+000	2.885756e+000
4.996172807076930e-004	-4.773512e+000	2.902268e+000
4.999259210615397e-004	-4.758864e+000	2.918514e+000
5.002345614153863e-004	-4.743769e+000	2.934495e+000
5.005432017692329e-004	-4.728228e+000	2.950210e+000
5.008518421230795e-004	-4.712240e+000	2.965659e+000
5.011604824769261e-004	-4.695805e+000	2.980842e+000
5.011606404484847e-004	-4.695796e+000	2.980850e+000
5.011609563916023e-004	-4.695779e+000	2.980865e+000
5.011611094673458e-004	-4.695771e+000	2.980873e+000
5.011612636522892e-004	-4.695763e+000	2.980880e+000
5.011614529527309e-004	-4.695753e+000	2.980890e+000
5.011615023834356e-004	-4.695750e+000	2.980892e+000
5.011615094449649e-004	-4.695750e+000	2.980892e+000
5.011615219623297e-004	-4.695749e+000	2.980893e+000
5.011615264015790e-004	-4.695749e+000	2.980893e+000
5.011615304682752e-004	-4.695748e+000	2.980893e+000
5.011615335919024e-004	-4.695748e+000	2.980893e+000
5.011615372334608e-004	-4.695748e+000	2.980894e+000
5.011615411222212e-004	-4.695748e+000	2.980894e+000
5.011615484931246e-004	-4.695747e+000	2.980894e+000
5.011615590770594e-004	-4.695747e+000	2.980895e+000
5.011615802449289e-004	-4.695746e+000	2.980896e+000
5.011616225806680e-004	-4.695744e+000	2.980898e+000
5.011617072521457e-004	-4.695739e+000	2.980902e+000
5.011618133895215e-004	-4.695733e+000	2.980907e+000
5.011619432215473e-004	-4.695726e+000	2.980913e+000
5.011621026760052e-004	-4.695718e+000	2.980921e+000
5.011623056757585e-004	-4.695707e+000	2.980931e+000
5.011625530480647e-004	-4.695693e+000	2.980943e+000
5.011628565839187e-004	-4.695677e+000	2.980958e+000
5.011632191991573e-004	-4.695657e+000	2.980975e+000
5.011641929534186e-004	-4.695605e+000	2.981023e+000
5.011668667524770e-004	-4.695460e+000	2.981153e+000
5.011682955098464e-004	-4.695384e+000	2.981222e+000
5.011701827149205e-004	-4.695282e+000	2.981314e+000
5.011726611128219e-004	-4.695148e+000	2.981435e+000
5.011760107710359e-004	-4.694967e+000	2.981598e+000
5.011804780206451e-004	-4.694725e+000	2.981815e+000
5.011848422865114e-004	-4.694489e+000	2.982027e+000
5.011900225640425e-004	-4.694209e+000	2.982279e+000
5.011953688456726e-004	-4.693920e+000	2.982538e+000
5.012022816997309e-004	-4.693546e+000	2.982874e+000
5.012106524684436e-004	-4.693092e+000	2.983281e+000
5.012219748699023e-004	-4.692479e+000	2.983830e+000
5.012365006435531e-004	-4.691690e+000	2.984534e+000
5.012579296975943e-004	-4.690526e+000	2.985571e+000
5.012801152173415e-004	-4.689317e+000	2.986644e+000
5.013007178989366e-004	-4.688193e+000	2.987639e+000
5.013231859548020e-004	-4.686965e+000	2.988723e+000
5.013486687179421e-004	-4.685570e+000	2.989950e+000
5.013752819584532e-004	-4.684109e+000	2.991230e+000
5.014096411179972e-004	-4.682219e+000	2.992879e+000
5.014393054096253e-004	-4.680582e+000	2.994300e+000
5.015119527010596e-004	-4.676556e+000	2.997768e+000
5.015592932834712e-004	-4.673920e+000	3.000020e+000
5.016179146171808e-004	-4.670641e+000	3.002799e+000
5.016928221588000e-004	-4.666428e+000	3.006336e+000
5.017651405464061e-004	-4.662336e+000	3.009734e+000
5.018737548770692e-004	-4.656146e+000	3.014807e+000
5.019914519204939e-004	-4.649376e+000	3.020279e+000
5.019999999999998e-004	-4.648882e+000	3.020675e+000
5.020130065062213e-004	-4.648130e+000	3.021275e+000
5.020390195186642e-004	-4.646623e+000	3.022474e+000
5.020910455435504e-004	-4.643599e+000	3.024866e+000
5.021950975933223e-004	-4.637514e+000	3.029618e+000
5.024032016928666e-004	-4.625195e+000	3.039015e+000
5.027349409584448e-004	-4.605149e+000	3.053830e+000
5.027595868669905e-004	-4.603640e+000	3.054920e+000
5.028088786840817e-004	-4.600613e+000	3.057080e+000
5.029074623182643e-004	-4.594527e+000	3.061387e+000
5.029190295284813e-004	-4.593810e+000	3.061890e+000
5.029421639489154e-004	-4.592373e+000	3.062895e+000
5.029884327897834e-004	-4.589494e+000	3.064901e+000
5.030000000000000e-004	-4.588773e+000	3.065401e+000
5.030273064400388e-004	-4.587068e+000	3.066580e+000
5.030637150267572e-004	-4.584789e+000	3.068148e+000
5.031365322001945e-004	-4.580214e+000	3.071268e+000
5.032821665470690e-004	-4.570991e+000	3.077450e+000
5.035734352408176e-004	-4.552258e+000	3.089606e+000
5.040000000000001e-004	-4.524135e+000	3.107131e+000
5.041476685009685e-004	-4.514210e+000	3.113019e+000
5.043445598355927e-004	-4.500826e+000	3.120745e+000
5.047383425048416e-004	-4.473541e+000	3.135911e+000
5.049999999999998e-004	-4.455033e+000	3.145818e+000
5.051968549818725e-004	-4.440909e+000	3.153040e+000
5.054593282910361e-004	-4.421814e+000	3.162471e+000
5.058694527927893e-004	-4.391376e+000	3.176910e+000
5.059999999999999e-004	-4.381534e+000	3.181425e+000
5.062372950045599e-004	-4.363455e+000	3.189371e+000
5.065536883439733e-004	-4.338973e+000	3.199693e+000
5.070000000000001e-004	-4.303710e+000	3.213915e+000
5.073885124470801e-004	-4.272325e+000	3.225612e+000
5.079999999999998e-004	-4.221640e+000	3.243264e+000
5.086216199153277e-004	-4.168518e+000	3.259793e+000
5.091362093880550e-004	-4.123339e+000	3.272733e+000
5.094994809458251e-004	-4.090782e+000	3.281303e+000
5.098627525035954e-004	-4.057704e+000	3.289439e+000
5.102260240613656e-004	-4.024105e+000	3.297143e+000
5.105892956191357e-004	-3.989986e+000	3.304413e+000
5.109525671769059e-004	-3.955345e+000	3.311251e+000
5.113158387346762e-004	-3.920182e+000	3.317655e+000
5.116791102924463e-004	-3.884499e+000	3.323627e+000
5.120739962416982e-004	-3.845131e+000	3.329684e+000
5.124688821909502e-004	-3.805186e+000	3.335225e+000
5.128637681402021e-004	-3.764665e+000	3.340253e+000
5.132586540894541e-004	-3.723568e+000	3.344766e+000
5.136535400387060e-004	-3.681896e+000	3.348764e+000
5.140484259879579e-004	-3.639647e+000	3.352248e+000
5.144433119372099e-004	-3.596823e+000	3.355217e+000
5.146031846031750e-004	-3.579333e+000	3.356277e+000
5.146585668944297e-004	-3.573253e+000	3.356631e+000
5.146594965321424e-004	-3.573151e+000	3.356637e+000
5.147777194586187e-004	-3.560137e+000	3.357343e+000
5.147786711019661e-004	-3.560032e+000	3.357348e+000
5.147801596144868e-004	-3.559868e+000	3.357357e+000
5.147805768854386e-004	-3.559822e+000	3.357359e+000
5.147807707151521e-004	-3.559800e+000	3.357360e+000
5.147808872991494e-004	-3.559787e+000	3.357361e+000
5.147809441033834e-004	-3.559781e+000	3.357361e+000
5.147810153757902e-004	-3.559773e+000	3.357362e+000
5.147810823384817e-004	-3.559766e+000	3.357362e+000
5.147812162638646e-004	-3.559751e+000	3.357363e+000
5.147813608105214e-004	-3.559735e+000	3.357364e+000
5.147816193410769e-004	-3.559706e+000	3.357365e+000
5.147819559709523e-004	-3.559669e+000	3.357367e+000
5.147839757502050e-004	-3.559447e+000	3.357379e+000
5.147866687892091e-004	-3.559150e+000	3.357394e+000
5.147920548672167e-004	-3.558555e+000	3.357425e+000
5.148028270232320e-004	-3.557366e+000	3.357486e+000
5.148178425230690e-004	-3.555708e+000	3.357571e+000
5.148318807509998e-004	-3.554158e+000	3.357650e+000
5.148620897060994e-004	-3.550819e+000	3.357818e+000
5.149039973808478e-004	-3.546181e+000	3.358045e+000
5.149469531010335e-004	-3.541421e+000	3.358272e+000
5.150029882392579e-004	-3.535202e+000	3.358560e+000
5.150448235888712e-004	-3.530552e+000	3.358767e+000
5.150926354170011e-004	-3.525230e+000	3.358995e+000
5.151599985704432e-004	-3.517718e+000	3.359305e+000
5.152365030152498e-004	-3.509168e+000	3.359637e+000
5.153651073542395e-004	-3.494749e+000	3.360141e+000
5.156017636213754e-004	-3.468067e+000	3.360935e+000
5.158482410529876e-004	-3.440074e+000	3.361606e+000
5.160000000000000e-004	-3.422735e+000	3.361940e+000
5.161007305493235e-004	-3.411184e+000	3.362090e+000
5.162350379484221e-004	-3.395729e+000	3.362228e+000
5.165036527466191e-004	-3.364638e+000	3.362290e+000
5.170537229596396e-004	-3.300225e+000	3.361941e+000
5.174889053939768e-004	-3.248540e+000	3.360854e+000
5.179240878283140e-004	-3.196274e+000	3.359149e+000
5.183592702626512e-004	-3.143425e+000	3.356826e+000
5.187944526969883e-004	-3.089993e+000	3.353885e+000
5.192296351313255e-004	-3.035979e+000	3.350326e+000
5.196648175656627e-004	-2.981383e+000	3.346150e+000
5.200999999999999e-004	-2.926204e+000	3.341356e+000
5.205267366931388e-004	-2.871564e+000	3.336022e+000
5.209534733862777e-004	-2.816434e+000	3.330100e+000
5.213802100794165e-004	-2.760812e+000	3.323589e+000
5.218069467725555e-004	-2.704699e+000	3.316490e+000
5.222336834656944e-004	-2.648095e+000	3.308802e+000
5.226604201588333e-004	-2.591000e+000	3.300526e+000
5.230871568519722e-004	-2.533413e+000	3.291661e+000
5.236461344445476e-004	-2.457267e+000	3.279115e+000
5.242051120371230e-004	-2.380423e+000	3.265580e+000
5.247640896296985e-004	-2.302881e+000	3.251057e+000
5.253230672222738e-004	-2.224642e+000	3.235545e+000
5.258820448148493e-004	-2.145705e+000	3.219044e+000
5.264410224074247e-004	-2.066071e+000	3.201555e+000
5.270000000000001e-004	-1.985739e+000	3.183077e+000
5.274390160666531e-004	-1.922233e+000	3.167842e+000
5.278780321333061e-004	-1.858391e+000	3.152022e+000
5.283170481999590e-004	-1.794214e+000	3.135616e+000
5.287560642666121e-004	-1.729703e+000	3.118624e+000
5.291950803332651e-004	-1.664856e+000	3.101045e+000
5.296340963999181e-004	-1.599675e+000	3.082881e+000
5.300731124665710e-004	-1.534158e+000	3.064131e+000
5.305019345664564e-004	-1.469881e+000	3.045223e+000
5.309307566663418e-004	-1.405367e+000	3.025778e+000
5.313595787662271e-004	-1.340615e+000	3.005796e+000
5.317884008661125e-004	-1.275626e+000	2.985278e+000
5.322172229659979e-004	-1.210400e+000	2.964222e+000
5.326460450658832e-004	-1.144937e+000	2.942629e+000
5.330748671657686e-004	-1.079236e+000	2.920500e+000
5.335036952817655e-004	-1.013338e+000	2.897813e+000
5.339325233977624e-004	-9.472851e-001	2.874616e+000
5.343613515137593e-004	-8.810789e-001	2.850910e+000
5.347901796297561e-004	-8.147190e-001	2.826695e+000
5.352190077457530e-004	-7.482054e-001	2.801970e+000
5.356478358617499e-004	-6.815380e-001	2.776736e+000
5.360766639777468e-004	-6.147169e-001	2.750993e+000
5.380981298915158e-004	-2.985673e-001	2.622998e+000
5.395495273924906e-004	-7.075771e-002	2.524485e+000
5.400000000000001e-004	-1.573488e-011	2.492949e+000
